1341846647.802247 0.000000000 0.000000000 0.000000000 0.000000000 0.000000000 0.000000000 1.000000000
1341846647.834093 0.002599203 -0.003412107 -0.000122207 0.000206975 -0.000029793 0.001291417 0.999999166
1341846647.866652 0.009372298 -0.001087278 -0.006655034 0.002671585 0.001525349 0.002395985 0.999992371
1341846647.901972 0.010089521 -0.003284533 -0.008672095 0.001971909 0.003613732 0.002450831 0.999988496
1341846647.934224 0.011053823 -0.003479503 -0.008817717 0.000520718 0.003655688 0.002770428 0.999989331
1341846647.970225 0.012566078 -0.004003695 -0.008103901 0.000215664 0.001957588 0.003630036 0.999991477
1341846648.002341 0.014330278 -0.005142451 -0.011602672 -0.000927056 0.001045877 0.003416754 0.999993205
1341846648.034343 0.017264804 -0.007047830 -0.012224491 -0.003661369 -0.000558170 0.003631200 0.999986529
1341846648.070164 0.014713367 -0.010036024 -0.009068678 -0.005424267 -0.003214454 0.004379609 0.999970496
1341846648.102152 0.015607422 -0.009940995 -0.009508656 -0.004393519 -0.006364211 0.004897267 0.999958098
1341846648.138185 0.011831917 -0.014418027 -0.014255982 -0.006173844 -0.006746719 0.004145885 0.999949574
1341846648.170568 0.015031452 -0.011511068 -0.020527890 -0.008336891 -0.009023132 0.003583956 0.999918103
1341846648.202106 0.015053242 -0.015746657 -0.016731732 -0.010067288 -0.013622154 0.003555326 0.999850214
1341846648.238157 0.012304149 -0.022143204 -0.018513510 -0.010599192 -0.017844586 0.003546946 0.999778271
1341846648.270152 0.009709153 -0.015316577 -0.026980901 -0.011802535 -0.022487544 -0.000506710 0.999677300
1341846648.302183 0.006826428 -0.020708658 -0.025302496 -0.018294977 -0.026686370 -0.006095396 0.999457836
1341846648.338170 0.004301743 -0.018489242 -0.025919734 -0.020630887 -0.031143771 -0.009623110 0.999255657
1341846648.370216 0.009198293 -0.020760685 -0.037980609 -0.022911260 -0.038763221 -0.008565290 0.998948991
1341846648.406052 0.009540409 -0.019341262 -0.033041876 -0.023885678 -0.049174402 -0.008338395 0.998469710
1341846648.438342 0.011047425 -0.016348725 -0.040865403 -0.022840191 -0.054689694 -0.005480633 0.998227119
1341846648.470076 0.005115667 -0.015074319 -0.037763856 -0.024029210 -0.059111070 -0.005334903 0.997947872
1341846648.506263 0.002516802 -0.018250635 -0.046130650 -0.027779482 -0.064047530 -0.005863942 0.997542858
1341846648.538249 0.004468018 -0.016606376 -0.041255757 -0.030734137 -0.070234135 -0.006630103 0.997034907
1341846648.570179 0.006949177 -0.013128111 -0.042858172 -0.032548510 -0.073658571 -0.010111979 0.996700943
1341846648.606081 0.012432573 -0.018916745 -0.040601630 -0.036858268 -0.079062715 -0.009458303 0.996143103
1341846648.638395 0.020807577 -0.021589218 -0.028486250 -0.036992814 -0.090366669 -0.009868500 0.995172322
1341846648.674053 0.019651392 -0.019307919 -0.039281584 -0.034396499 -0.093162507 -0.012709863 0.994975448
1341846648.706058 0.022980761 -0.023615219 -0.034011975 -0.036466766 -0.100891918 -0.012541001 0.994149745
1341846648.738116 0.023264207 -0.018849820 -0.029058084 -0.035393484 -0.109725535 -0.013621856 0.993238151
1341846648.774049 0.031625122 -0.006696189 -0.019870166 -0.029026562 -0.114115559 -0.019993940 0.992842078
1341846648.805941 0.031736325 -0.014835776 -0.026195336 -0.030555118 -0.116792880 -0.012119262 0.992612183
1341846648.838602 0.038944494 -0.009815016 -0.023205675 -0.030199409 -0.125679195 -0.011361037 0.991546094
1341846648.874088 0.043888018 0.000419300 -0.028390076 -0.029440206 -0.129414931 -0.013813197 0.991057098
1341846648.906165 0.050693195 -0.007202924 -0.023167757 -0.033917837 -0.135487080 -0.009365768 0.990154088
1341846648.942154 0.066501759 -0.019881560 -0.027046906 -0.037309684 -0.153063163 0.000236481 0.987511814
1341846648.974090 0.063365385 -0.009335719 -0.040821206 -0.037561007 -0.160250261 0.000220752 0.986361504
1341846649.006157 0.106891692 -0.003378157 0.004498606 -0.038958285 -0.177407578 -0.012106111 0.983291566
1341846649.042101 0.122607164 -0.010052302 0.001138246 -0.040435318 -0.186939135 -0.004604002 0.981528163
1341846649.074128 0.135550082 -0.008920161 -0.004463847 -0.042533409 -0.194329962 -0.008679234 0.979975224
1341846649.106188 0.152222142 -0.003250224 0.006619615 -0.044333685 -0.197914183 -0.016005883 0.979085445
1341846649.142042 0.173904195 -0.003350872 0.016296331 -0.047413360 -0.205111966 -0.014668485 0.977479339
1341846649.174442 0.190722704 0.008139034 0.019893557 -0.046538852 -0.213571489 -0.019393567 0.975625575
1341846649.216152 0.192600563 0.008804468 0.026028939 -0.047594544 -0.213342786 -0.023379669 0.975537300
1341846649.248048 0.189371273 -0.013983166 0.027091602 -0.054449804 -0.212138727 -0.023014009 0.975450039
1341846649.280075 0.200698659 -0.011436804 0.024717649 -0.058136441 -0.216111958 -0.022287451 0.974381387
1341846649.316071 0.214910462 -0.005245775 0.035273798 -0.061527938 -0.219581991 -0.024102580 0.973353565
1341846649.348041 0.223540828 -0.009157329 0.047507674 -0.063628435 -0.223566562 -0.018257560 0.972438216
1341846649.383973 0.232765019 -0.007202698 0.052917026 -0.061820131 -0.229594529 -0.013961664 0.971220732
1341846649.416053 0.236891195 -0.000746681 0.043495830 -0.061904415 -0.228838950 -0.019621173 0.971295834
1341846649.448084 0.240252480 -0.004166078 0.047025807 -0.067075275 -0.225855470 -0.020080907 0.971641421
1341846649.484154 0.245586619 -0.006502607 0.061008211 -0.069640554 -0.229615927 -0.018232841 0.970615387
1341846649.516198 0.247499466 -0.004688528 0.071356542 -0.068604685 -0.231924608 -0.021647893 0.970069945
1341846649.552101 0.246618107 -0.004661803 0.066221751 -0.066394068 -0.228527829 -0.026062079 0.970921040
1341846649.616167 0.247643501 -0.021328418 0.067287378 -0.069456413 -0.231146559 -0.019046579 0.970249593
1341846649.678101 0.245759234 -0.031368945 0.069956273 -0.069488600 -0.232175589 -0.023662467 0.969899952
1341846649.710937 0.259413481 -0.031803686 0.070645154 -0.068555176 -0.240331501 -0.020120528 0.968057930
1341846649.746112 0.260531038 -0.032640774 0.080553174 -0.067054592 -0.246521816 -0.024725135 0.966498494
1341846649.778019 0.257150084 -0.040108137 0.077137999 -0.066797033 -0.249259904 -0.024264801 0.965825498
1341846649.810257 0.251603514 -0.048912957 0.070591211 -0.068192303 -0.254447043 -0.020193005 0.964468122
1341846649.846059 0.262607127 -0.043901045 0.059548218 -0.068449058 -0.264743209 -0.029180108 0.961443841
1341846649.878137 0.264950335 -0.044766039 0.071841002 -0.073263370 -0.269893706 -0.029745560 0.959638000
1341846649.914184 0.265265703 -0.050003450 0.090765089 -0.072827734 -0.276237249 -0.026075521 0.957971334
1341846649.952612 0.283393443 -0.036580719 0.086675927 -0.068936251 -0.280333608 -0.023704695 0.957130611
1341846650.014156 0.295093060 -0.045627557 0.105001763 -0.070842259 -0.285247594 -0.013599930 0.955735445
1341846650.046184 0.300269336 -0.041227218 0.106544495 -0.069097422 -0.287729561 -0.013577527 0.955119312
1341846650.078250 0.304606259 -0.043388002 0.120815381 -0.067814186 -0.287671238 -0.014375028 0.955217183
1341846650.114215 0.314965993 -0.047282148 0.115433864 -0.066767991 -0.288108706 -0.011516544 0.955197811
1341846650.146137 0.319716603 -0.049868930 0.125688359 -0.065339677 -0.291169405 -0.008737310 0.954397619
1341846650.182236 0.323654830 -0.045341779 0.133656487 -0.059789602 -0.291167349 -0.012111425 0.954725146
1341846650.214164 0.331310362 -0.052945055 0.128055319 -0.059760746 -0.290007651 -0.010994704 0.955093384
1341846650.246084 0.337695777 -0.055394556 0.130771399 -0.061785493 -0.291656137 -0.011150683 0.954460502
1341846650.282167 0.340247720 -0.055024702 0.150850609 -0.058177762 -0.291528761 -0.016029743 0.954656661
1341846650.314158 0.348092109 -0.062943690 0.134894237 -0.056072593 -0.287440270 -0.018653220 0.955973864
1341846650.350453 0.353818834 -0.067998715 0.130006477 -0.058888778 -0.287644446 -0.017730251 0.955760658
1341846650.382075 0.355127633 -0.066202007 0.138833851 -0.059296250 -0.287966937 -0.023352625 0.955517471
1341846650.414224 0.356121749 -0.067031339 0.151739165 -0.056708477 -0.284396470 -0.025013242 0.956701159
1341846650.450353 0.356153756 -0.072085932 0.140258774 -0.056861408 -0.278719038 -0.020874733 0.958460629
1341846650.484849 0.357108861 -0.069196269 0.132813439 -0.057388883 -0.275627196 -0.024491427 0.959237337
1341846650.514091 0.354796410 -0.072020628 0.144567400 -0.058241248 -0.270409137 -0.025952773 0.960631728
1341846650.550746 0.350329876 -0.074022435 0.153199062 -0.053862028 -0.263905376 -0.023308864 0.962761402
1341846650.582069 0.347122073 -0.074564062 0.136552855 -0.049507793 -0.256977081 -0.023500837 0.964862406
1341846650.618092 0.341385156 -0.076302059 0.130043805 -0.049824547 -0.250783503 -0.025981031 0.966410935
1341846650.650422 0.335224748 -0.076917000 0.129257888 -0.048781622 -0.243586376 -0.030062057 0.968185067
1341846650.682114 0.327222049 -0.078612633 0.121132135 -0.047755074 -0.236250758 -0.031955101 0.969991684
1341846650.718110 0.317190349 -0.079473332 0.113818504 -0.047310609 -0.230127886 -0.034208704 0.971407533
1341846650.750112 0.308726072 -0.073548339 0.111381389 -0.044092331 -0.222013041 -0.038984355 0.973265827
1341846650.782116 0.301471561 -0.077794865 0.116239130 -0.043618750 -0.213840961 -0.036202330 0.975222468
1341846650.818115 0.288837671 -0.083348922 0.108690456 -0.042041626 -0.208618134 -0.031751558 0.976577103
1341846650.850139 0.277856886 -0.075202830 0.093390435 -0.039194621 -0.202885196 -0.036766775 0.977726758
1341846650.886238 0.269413680 -0.071298160 0.090368122 -0.039099179 -0.191556349 -0.040645175 0.979859889
1341846650.918288 0.257684529 -0.078696318 0.092804395 -0.041233722 -0.181630999 -0.035451621 0.981862068
1341846650.950233 0.245143116 -0.079479389 0.081399031 -0.041712880 -0.173776984 -0.031900372 0.983383894
1341846650.986247 0.235193014 -0.071205392 0.077076852 -0.039849509 -0.162760377 -0.033585239 0.985288322
1341846651.050482 0.212022349 -0.076677702 0.069036365 -0.040120408 -0.144741863 -0.024274353 0.988357663
1341846651.086169 0.198851928 -0.068220064 0.065217361 -0.041884530 -0.135779247 -0.025410343 0.989527166
1341846651.118423 0.191770852 -0.074917331 0.084327243 -0.042554639 -0.127612889 -0.020272583 0.990703285
1341846651.154189 0.178508371 -0.073095635 0.068619251 -0.037584856 -0.119407803 -0.019729415 0.991937459
1341846651.186391 0.167496666 -0.073004693 0.060051486 -0.038910050 -0.113005266 -0.018481499 0.992660165
1341846651.218036 0.157297119 -0.073144913 0.059214827 -0.040957890 -0.107890069 -0.018822681 0.993140399
1341846651.254031 0.145475745 -0.076449640 0.055282325 -0.042159453 -0.101867385 -0.016618432 0.993765295
1341846651.286406 0.133890972 -0.076025203 0.054460332 -0.043847144 -0.096539140 -0.018882668 0.994183600
1341846651.318309 0.122547805 -0.077676095 0.059763845 -0.045287568 -0.092141099 -0.021200558 0.994489610
1341846651.354135 0.111932948 -0.073380195 0.062356967 -0.043121204 -0.086166725 -0.026214141 0.995001853
1341846651.386180 0.097672991 -0.078759819 0.063828699 -0.043097403 -0.078128330 -0.024046857 0.995720983
1341846651.422237 0.084176213 -0.091552518 0.060447246 -0.046876632 -0.075484656 -0.020875189 0.995825708
1341846651.492135 0.064916015 -0.093404315 0.074360199 -0.050396625 -0.068802558 -0.031113155 0.995870650
1341846651.560316 0.037835546 -0.108427033 0.090886571 -0.050255377 -0.050588097 -0.028206643 0.997055471
1341846651.622176 0.011567309 -0.116619520 0.100876287 -0.043122303 -0.039614730 -0.030545674 0.997816682
1341846651.654223 -0.013925863 -0.117636390 0.097576484 -0.039047819 -0.033663101 -0.026359327 0.998322248
1341846651.690127 -0.036905248 -0.122290283 0.095610052 -0.035902724 -0.028217575 -0.024670521 0.998652160
1341846651.722318 -0.061803356 -0.126144662 0.090690829 -0.033131141 -0.021681357 -0.022198265 0.998969197
1341846651.754212 -0.093488991 -0.128896222 0.087835245 -0.032654710 -0.013389138 -0.023126647 0.999109387
1341846651.790200 -0.118349180 -0.126214996 0.076734588 -0.033142239 -0.006271586 -0.028424012 0.999026716
1341846651.822233 -0.139500067 -0.128724843 0.084863961 -0.032841526 0.001559869 -0.026732339 0.999101818
1341846651.858213 -0.165842250 -0.137210578 0.094042808 -0.027552636 0.009644032 -0.027939733 0.999183297
1341846651.890237 -0.199890062 -0.126140743 0.086157173 -0.016375167 0.019615270 -0.028568788 0.999265194
1341846651.922186 -0.233556107 -0.129841655 0.077215739 -0.015980335 0.028607514 -0.025218511 0.999144733
1341846651.958047 -0.258138239 -0.133376598 0.084666297 -0.014672275 0.034080584 -0.022787865 0.999051511
1341846651.990020 -0.287834585 -0.138756633 0.098914936 -0.008949984 0.043840643 -0.017723441 0.998841226
1341846652.022081 -0.323935628 -0.136560470 0.096974768 -0.003213682 0.052939594 -0.015248243 0.998476088
1341846652.058058 -0.359861583 -0.137710050 0.093529820 -0.003841524 0.058432382 -0.017596876 0.998128891
1341846652.090106 -0.390712917 -0.137185812 0.102995507 -0.006221460 0.064452738 -0.020797405 0.997684598
1341846652.126257 -0.425437659 -0.135928482 0.113330588 -0.008649065 0.073427968 -0.023370555 0.996989131
1341846652.158232 -0.471067667 -0.139469281 0.120064929 -0.010877656 0.082430877 -0.020877475 0.996318698
1341846652.190049 -0.503038466 -0.138714701 0.130890489 -0.011306080 0.088356152 -0.023757463 0.995741367
1341846652.225981 -0.546299815 -0.134174913 0.147915527 -0.009117858 0.102712899 -0.025976550 0.994329989
1341846652.258089 -0.596670151 -0.136577308 0.148427457 -0.007734408 0.116048969 -0.022440670 0.992959857
1341846652.290189 -0.639008403 -0.136658207 0.171275273 -0.004590106 0.122335590 -0.020422021 0.992268085
1341846652.326148 -0.691868782 -0.128902346 0.181292892 0.003946973 0.133163467 -0.021888370 0.990844548
1341846652.358184 -0.740672648 -0.120216347 0.189070150 0.007644587 0.143811569 -0.022363797 0.989322841
1341846652.394279 -0.757039428 -0.113179475 0.175749898 0.010047115 0.146520779 -0.019273154 0.988968790
1341846652.426287 -0.787842035 -0.096050479 0.172398359 0.015231507 0.153003514 -0.020272218 0.987900257
1341846652.458277 -0.781706274 -0.126933932 0.171381146 0.012680360 0.154096723 -0.015977781 0.987845182
1341846652.494100 -0.827106714 -0.121764787 0.178954795 0.015905237 0.163169935 -0.016369598 0.986333907
1341846652.526469 -0.828696728 -0.105420917 0.175583303 0.018411115 0.166523173 -0.017286342 0.985714078
1341846652.562089 -0.833756328 -0.128692582 0.168343157 0.014794417 0.173253298 -0.017641827 0.984608173
1341846652.594254 -0.861937404 -0.120826833 0.180532858 0.018600106 0.188328698 -0.020664239 0.981712461
1341846652.626356 -0.884936273 -0.118255667 0.203334138 0.020702410 0.202923760 -0.021359464 0.978742599
1341846652.662152 -0.856104851 -0.062088970 0.205693379 0.029095076 0.214313671 -0.032302417 0.975796938
1341846652.694113 -0.869185209 -0.072576091 0.228312731 0.026157545 0.243893564 -0.035540164 0.968797505
1341846652.726378 -0.890701532 -0.056553982 0.269192189 0.029963193 0.276818603 -0.041999571 0.959536195
1341846652.762129 -0.935965598 -0.051318914 0.291863203 0.029458340 0.310033798 -0.044649001 0.949219525
1341846652.794152 -0.985074997 -0.046725485 0.319725633 0.029117741 0.349145204 -0.046468195 0.935462713
1341846652.830250 -0.982059419 -0.047399875 0.361373723 0.028556386 0.379515678 -0.047758836 0.923510373
1341846652.862014 -0.978227079 -0.048777044 0.392535776 0.029761754 0.399247020 -0.043460004 0.915329039
1341846652.894426 -1.000162005 -0.051931296 0.429935843 0.028767226 0.422202617 -0.041756697 0.905082166
1341846652.930346 -1.015605092 -0.053857237 0.464100212 0.030944379 0.444871306 -0.039306618 0.894196272
1341846652.962213 -1.053854704 -0.046008047 0.501136541 0.030293969 0.468269050 -0.042303357 0.882052600
1341846653.030292 -1.080326438 -0.066529460 0.552655101 0.023808766 0.502324820 -0.036341526 0.863586783
1341846653.062672 -1.106796980 -0.068689048 0.592030108 0.026518172 0.523284137 -0.034767345 0.851035655
1341846653.099024 -1.107196450 -0.057774428 0.587937891 0.028231600 0.534926236 -0.034224510 0.843733132
1341846653.130475 -1.126467228 -0.065428428 0.615396917 0.024407735 0.555093169 -0.031652674 0.830827236
1341846653.162620 -1.150124073 -0.072425254 0.629732907 0.024093442 0.571425080 -0.029468512 0.819770932
1341846653.198437 -1.174152732 -0.073299050 0.656471550 0.025976198 0.586414099 -0.024215162 0.809232593
1341846653.230042 -1.184925795 -0.071255624 0.687469721 0.028129702 0.600935340 -0.021034118 0.798525512
1341846653.298380 -1.226487756 -0.039599609 0.767257810 0.033285517 0.634577751 -0.018611716 0.771917582
1341846653.330162 -1.241377354 -0.035458535 0.791042089 0.034749039 0.647519231 -0.014312902 0.761121869
1341846653.366319 -1.255624533 -0.025987629 0.816789150 0.036189809 0.659212053 -0.011171442 0.751002610
1341846653.398226 -1.255098820 -0.017769795 0.848490357 0.038731091 0.670699716 -0.008068759 0.740673125
1341846653.430060 -1.269767404 -0.025477666 0.882361114 0.039090231 0.680876732 -0.006759540 0.731322885
1341846653.466341 -1.276773214 -0.024861114 0.886735082 0.041899960 0.686007023 -0.006606440 0.726357400
1341846653.498194 -1.309568644 -0.022494052 0.913031518 0.041336134 0.693531632 -0.007606990 0.719199061
1341846653.530205 -1.313626885 -0.035517242 0.942476273 0.039857753 0.698907852 -0.007222971 0.714063704
1341846653.566601 -1.315874100 -0.030142181 0.952486217 0.040597916 0.700474858 -0.010376722 0.712445915
1341846653.598213 -1.330411434 -0.029325256 0.975846469 0.040718690 0.703904867 -0.009349156 0.709064484
1341846653.634793 -1.339155436 -0.034771204 0.980841935 0.039795998 0.703382194 -0.007057836 0.709661841
1341846653.666143 -1.338009834 -0.031913280 0.979153275 0.040233821 0.702294588 -0.007443761 0.710709572
1341846653.698738 -1.348944306 -0.033777889 0.987973630 0.039255913 0.700377584 -0.005083714 0.712674081
1341846653.734313 -1.337406516 -0.025123181 0.970145881 0.038013071 0.694480896 -0.005174513 0.718487680
1341846653.766275 -1.338289261 -0.034217287 0.976794839 0.036423448 0.692627847 -0.002423967 0.720370770
1341846653.802358 -1.355250716 -0.030554764 0.994551122 0.035867926 0.690503299 -0.000823034 0.722438872
1341846653.834226 -1.356503963 -0.035201650 0.990252316 0.035209823 0.681967497 0.001859311 0.730532110
1341846653.866214 -1.347914457 -0.033730857 0.987225533 0.035165407 0.676208854 0.001336293 0.735868990
1341846653.902170 -1.356184125 -0.029149832 0.993553221 0.033574149 0.671179175 0.001674536 0.740532577
1341846653.934160 -1.349321008 -0.031395450 0.981404662 0.031276669 0.662092268 0.002030779 0.748766601
1341846653.966155 -1.351873040 -0.026064474 0.995020390 0.029483225 0.657796443 0.000305220 0.752618372
1341846654.002169 -1.361821890 -0.023163076 0.996872365 0.026061522 0.650800228 0.000939095 0.758801043
1341846654.034140 -1.362782121 -0.029219493 0.997176290 0.021307878 0.643715978 0.002291056 0.764964342
1341846654.070172 -1.361403465 -0.040425476 0.999622285 0.022087311 0.635104299 0.003927801 0.772100508
1341846654.102438 -1.350212455 -0.050746974 0.968441248 0.025245322 0.621897936 0.004902005 0.782675922
1341846654.134349 -1.353162169 -0.042498183 0.963023245 0.029479250 0.611620247 0.002611811 0.790597737
1341846654.170244 -1.359571218 -0.048330564 0.967087090 0.030520257 0.601104915 0.001927722 0.798584819
1341846654.202087 -1.350952625 -0.037813995 0.963356912 0.031806793 0.586713791 -0.004490995 0.809157014
1341846654.234434 -1.345289946 -0.034161720 0.963791370 0.034046635 0.578179896 -0.006445380 0.815173149
1341846654.270041 -1.368883252 -0.030318376 0.991015792 0.033439867 0.572459102 -0.009979204 0.819190323
1341846654.302117 -1.343185544 -0.027951902 0.987593591 0.032491826 0.556092262 -0.014281156 0.830362380
1341846654.338026 -1.318217397 -0.026279632 0.965117037 0.031816762 0.544784367 -0.013996453 0.837855458
1341846654.369979 -1.325944901 -0.027496230 0.986295640 0.032019943 0.538965642 -0.013125435 0.841616571
1341846654.402172 -1.350547314 -0.027289741 1.022548795 0.033817533 0.526207328 -0.011890030 0.849600375
1341846654.438133 -1.324385166 -0.006941652 0.961513519 0.033968009 0.501934111 -0.014295514 0.864120305
1341846654.470186 -1.321800351 -0.015326094 0.983439505 0.030497488 0.497809768 -0.013507491 0.866644621
1341846654.502267 -1.325232983 -0.019770680 0.996476829 0.030326579 0.482613474 -0.013687055 0.875201225
1341846654.539064 -1.257192135 -0.002762022 0.913642526 0.030184491 0.452325225 -0.019744515 0.891123414
1341846654.570053 -1.242955565 -0.006110696 0.908927798 0.025020493 0.446992308 -0.022701254 0.893899620
1341846654.606030 -1.213297606 -0.003915975 0.898293138 0.025902644 0.429029137 -0.024221363 0.902594209
1341846654.637980 -1.162909865 -0.013955386 0.836463094 0.027179571 0.400524080 -0.025720708 0.915521801
1341846654.670155 -1.145615935 -0.011322727 0.826652229 0.029500730 0.392150342 -0.027727621 0.919009805
1341846654.706022 -1.147815943 0.000987348 0.814134896 0.033971537 0.379823387 -0.028824253 0.923985541
1341846654.738497 -1.146761537 -0.032296199 0.796589017 0.032904424 0.359820187 -0.026540505 0.932063520
1341846654.774056 -1.113988400 0.003738366 0.802252293 0.039891649 0.348970920 -0.026073448 0.935921013
1341846654.806040 -1.117613792 0.022014916 0.802167356 0.040899280 0.340270996 -0.027984979 0.939020634
1341846654.838060 -1.131041408 0.003086163 0.809172213 0.037073042 0.327790827 -0.027204730 0.943630576
1341846654.874136 -1.110902071 0.016204789 0.770617545 0.037225068 0.310838372 -0.029583057 0.949272692
1341846654.906209 -1.101540804 0.012709820 0.774469018 0.032338489 0.300707370 -0.029752096 0.952703595
1341846654.938214 -1.086957812 0.002964527 0.764176548 0.034108158 0.282025576 -0.026973961 0.958420873
1341846654.974334 -1.087109208 -0.004901356 0.763736546 0.036441922 0.266780853 -0.026942438 0.962691069
1341846655.006124 -1.083991408 -0.009499678 0.757692933 0.033123605 0.254366934 -0.025891511 0.966193497
1341846655.042239 -1.080603123 0.001984507 0.747184098 0.033648912 0.237808153 -0.025712749 0.970388532
1341846655.074179 -1.081575513 0.013964503 0.715327501 0.037650298 0.218645394 -0.027032444 0.974702954
1341846655.106132 -1.078800917 0.013508665 0.728531480 0.037104137 0.206839889 -0.027129028 0.977294505
1341846655.142070 -1.049025416 0.012180650 0.694354236 0.033764217 0.178271621 -0.031461470 0.982898474
1341846655.174000 -1.029668331 0.008256271 0.676707566 0.029573437 0.155342579 -0.038239803 0.986677170
1341846655.206124 -1.007689118 0.009121175 0.665311575 0.027033905 0.140937060 -0.039289046 0.988869250
1341846655.242079 -0.947902441 0.015631683 0.615074337 0.033487435 0.112163052 -0.023754293 0.992841244
1341846655.274211 -0.948269546 0.000508250 0.614168644 0.032686107 0.107134447 -0.029375073 0.993272841
1341846655.310175 -0.935048699 0.004698525 0.619587779 0.040894087 0.104532808 -0.023576772 0.993400574
1341846655.342236 -0.913416862 0.007799357 0.612003744 0.048437528 0.094574176 -0.020182861 0.994133890
1341846655.374134 -0.902292132 -0.002077417 0.606332362 0.047306925 0.091424353 -0.022191208 0.994440138
1341846655.410207 -0.883316755 0.004719875 0.608422160 0.051931988 0.087645791 -0.018116826 0.994632125
1341846655.442262 -0.866131783 0.014948411 0.610760272 0.060499988 0.074989222 -0.012830940 0.995264649
1341846655.474205 -0.857840776 0.014987012 0.609999359 0.061778609 0.065311521 -0.009263205 0.995907664
1341846655.510277 -0.832962751 0.015686262 0.605668008 0.058061004 0.051127777 -0.009299508 0.996959567
1341846655.542135 -0.818120718 0.014784657 0.606781483 0.053234398 0.041381262 -0.006649117 0.997702062
1341846655.578132 -0.798105538 0.024840638 0.610245764 0.053514071 0.031274740 -0.001729915 0.998075724
1341846655.642348 -0.745568037 0.031735919 0.610023320 0.048527393 0.003543802 0.001032465 0.998815000
1341846655.678110 -0.721842170 0.031466190 0.618998647 0.048989248 -0.009877484 0.003573064 0.998744130
1341846655.710074 -0.673350871 0.033190716 0.565985441 0.049245235 -0.029239252 0.001208561 0.998357892
1341846655.748050 -0.648959219 0.031258948 0.568114340 0.045285936 -0.043537751 0.005007525 0.998012304
1341846655.810222 -0.595352590 0.038730443 0.573983192 0.045051474 -0.070549093 0.015870698 0.996364057
1341846655.846257 -0.526138186 0.036236260 0.545170724 0.041079346 -0.091812536 0.010463128 0.994873583
1341846655.910355 -0.455434859 0.038179494 0.548549294 0.035981756 -0.122343324 0.017349301 0.991683662
1341846655.946240 -0.423303276 0.032849342 0.549995482 0.033228047 -0.137148365 0.018429147 0.989821494
1341846655.978412 -0.361300528 0.014976937 0.528461576 0.025957789 -0.152760804 0.008497032 0.987885714
1341846656.014188 -0.325204015 0.011717555 0.526882708 0.022454362 -0.161803871 0.009457410 0.986522138
1341846656.046211 -0.300089568 0.010799357 0.536661208 0.020744907 -0.168498129 0.012490110 0.985404491
1341846656.078165 -0.272782147 0.018091097 0.547178328 0.021716146 -0.177604631 0.015314249 0.983743131
1341846656.114220 -0.223496303 0.020534875 0.533038795 0.019728469 -0.189087719 0.016301973 0.981626630
1341846656.146158 -0.202755690 0.026166907 0.547766805 0.018719951 -0.198780850 0.016005918 0.979734421
1341846656.178154 -0.159375370 0.029160794 0.530535817 0.018990997 -0.211601913 0.018760031 0.976991296
1341846656.214132 -0.143688008 0.024489081 0.541025937 0.017660232 -0.219439223 0.016532538 0.975326180
1341846656.246093 -0.126680776 0.026924474 0.546086788 0.018803891 -0.225242570 0.016628468 0.973979294
1341846656.282181 -0.105414696 0.037099101 0.541719019 0.019536339 -0.231210023 0.020217566 0.972497523
1341846656.314258 -0.109609514 0.027610278 0.548660100 0.016401500 -0.235004455 0.018188586 0.971685708
1341846656.346094 -0.076990850 0.033776011 0.544475019 0.015362564 -0.243924662 0.017784839 0.969509363
1341846656.382222 -0.099451691 0.027784675 0.553953230 0.011718098 -0.244247928 0.015724085 0.969514489
1341846656.414253 -0.081500128 0.031137513 0.546891570 0.013899373 -0.256158233 0.018555509 0.966356754
1341846656.446177 -0.083311051 0.038188558 0.552588046 0.012228979 -0.263919711 0.017812453 0.964302599
1341846656.482260 -0.085789382 0.035495881 0.558653414 0.007130413 -0.269931614 0.017757822 0.962689340
1341846656.519461 -0.096399024 0.021377396 0.551940501 0.005049631 -0.274533629 0.014164290 0.961459935
1341846656.582247 -0.079133704 0.036722310 0.546891809 0.001209192 -0.282227129 0.015282907 0.959225118
1341846656.614195 -0.064647473 0.034076691 0.541014552 -0.000858186 -0.287971556 0.016138945 0.957502544
1341846656.649995 -0.078634657 0.035308331 0.534621894 -0.000460609 -0.285637140 0.014200654 0.958232462
1341846656.682076 -0.078674980 0.048113704 0.526983500 0.000996335 -0.289806426 0.017059639 0.956932724
1341846656.714216 -0.089711443 0.037201528 0.520554185 -0.002399598 -0.291712105 0.013116253 0.956413209
1341846656.749974 -0.090785824 0.037588205 0.520777822 -0.004552707 -0.293170810 0.012952292 0.955961525
1341846656.782653 -0.086887017 0.069009617 0.508390963 0.002694536 -0.295522213 0.013099338 0.955242276
1341846656.824388 -0.091167912 0.047279377 0.493986607 -0.000765153 -0.297363073 0.015293890 0.954641700
1341846656.856226 -0.094468474 0.041619860 0.517025828 -0.007620350 -0.298215210 0.011792058 0.954395413
1341846656.892050 -0.099558465 0.035263967 0.514470041 -0.009844256 -0.294687212 0.012173521 0.955465496
1341846656.924099 -0.098678872 0.044199575 0.506251812 -0.008658881 -0.293392420 0.010552700 0.955894649
1341846656.956112 -0.091851488 0.072890036 0.542159736 -0.005827631 -0.290842295 0.008539291 0.956715167
1341846656.992122 -0.091227554 0.058740634 0.532632232 -0.009395872 -0.283689916 0.011088996 0.958805919
1341846657.024108 -0.094740458 0.059261456 0.534612119 -0.008837383 -0.280387908 0.011644023 0.959775448
1341846657.056121 -0.085134991 0.069160976 0.551410019 -0.008759837 -0.276770890 0.012138080 0.960819304
1341846657.092006 -0.088886000 0.070881255 0.549045980 -0.004749530 -0.264885277 0.013057706 0.964179814
1341846657.124027 -0.071541347 0.079519190 0.552130580 0.003656313 -0.257634014 0.015431436 0.966112435
1341846657.155973 -0.077656791 0.060028024 0.576134622 0.005540313 -0.246300861 0.016578527 0.969035804
1341846657.192094 -0.056136679 0.063821480 0.554584980 0.007696619 -0.232474402 0.016762942 0.972427607
1341846657.224195 -0.099887997 0.076063864 0.563902974 0.013186035 -0.215544298 0.013176168 0.976316094
1341846657.292164 -0.097261518 0.066079468 0.563115478 0.013586908 -0.195250034 0.008667676 0.980621040
1341846657.354367 -0.052929696 0.075556904 0.558886588 0.013460981 -0.183285728 0.008829542 0.982927859
1341846657.386193 -0.018370198 0.078412741 0.562524974 0.014409621 -0.177678287 0.006686348 0.983960390
1341846657.418105 0.008899808 0.082969628 0.563791931 0.018286092 -0.170929015 0.006834277 0.985089958
1341846657.454277 0.042347059 0.083459385 0.573744416 0.018621892 -0.165378705 0.007148635 0.986028373
1341846657.486117 0.067908630 0.087235764 0.582943559 0.020721029 -0.156209767 0.006244034 0.987486780
1341846657.522092 0.093824372 0.084132195 0.592235684 0.023658818 -0.146637931 0.002938232 0.988902867
1341846657.554062 0.133317068 0.082686953 0.594650567 0.025633035 -0.146727458 -0.000062974 0.988844752
1341846657.586078 0.151519403 0.077252448 0.600708008 0.023652488 -0.132800832 -0.002038123 0.990858376
1341846657.622205 0.194270566 0.072007872 0.631907940 0.023703899 -0.131490335 -0.003159441 0.991028965
1341846657.654161 0.233630136 0.067374937 0.637479424 0.024697276 -0.131188169 -0.004332743 0.991040349
1341846657.686517 0.237425834 0.071267784 0.630173028 0.026567023 -0.116517201 -0.006244563 0.992813647
1341846657.722061 0.282004476 0.063145719 0.642601550 0.026601287 -0.113792926 -0.006504115 0.993127048
1341846657.754104 0.331396788 0.063274458 0.658503294 0.027065953 -0.114309199 -0.006276608 0.993056595
1341846657.790066 0.370317847 0.054945152 0.663962960 0.020645654 -0.105792448 -0.007980356 0.994141877
1341846657.822089 0.406919897 0.065304153 0.692694128 0.025202075 -0.097585477 -0.006126700 0.994889140
1341846657.853972 0.437416255 0.058582481 0.719866157 0.026992161 -0.093378097 0.000990320 0.995264232
1341846657.889993 0.483193070 0.053739276 0.728020489 0.024074202 -0.087419070 0.000193130 0.995880663
1341846657.922046 0.443630904 0.050076906 0.740473926 0.025735535 -0.067041315 0.000418831 0.997418106
1341846657.954192 0.426203340 0.068148248 0.733056903 0.028622303 -0.055563774 0.002186280 0.998042345
1341846657.990141 0.425077707 0.073995888 0.733597398 0.027370812 -0.043636430 0.001099932 0.998671830
1341846658.022419 0.400133699 0.055445209 0.748168647 0.025957223 -0.032183826 0.001133190 0.999144137
1341846658.090215 0.422549278 0.060686249 0.740367472 0.027520338 -0.021706225 0.003788827 0.999378324
1341846658.122355 0.385718882 0.050493538 0.755084217 0.024153642 -0.008671260 0.001461141 0.999669552
1341846658.158136 0.402369738 0.064313307 0.757995307 0.025048645 -0.008468241 0.002582246 0.999646962
1341846658.190098 0.379510850 0.057827413 0.758473217 0.021847358 0.002645981 0.001787925 0.999756157
1341846658.226027 0.394364685 0.047513984 0.765803039 0.022512686 0.004191534 0.001101448 0.999737144
1341846658.258133 0.392716795 0.055768896 0.764447212 0.025387593 0.006357063 -0.000123790 0.999657452
1341846658.290020 0.403908223 0.059520710 0.767012358 0.025361771 0.008870152 -0.003946643 0.999631166
1341846658.326239 0.375740558 0.040892579 0.763592899 0.022137180 0.017141508 -0.007839012 0.999577224
1341846658.358248 0.370642334 0.070113949 0.767047405 0.024105445 0.017052550 -0.011438959 0.999498487
1341846658.390215 0.406553447 0.067875385 0.771381855 0.018569035 0.010260411 -0.015010509 0.999662220
1341846658.426300 0.387305230 0.040472221 0.758564293 0.012015567 0.019362617 -0.015475553 0.999620497
1341846658.458168 0.366755575 0.032706108 0.770532668 0.012566304 0.018022366 -0.013657410 0.999665320
1341846658.494176 0.360020757 0.071214765 0.762861252 0.014916101 0.014304849 -0.011078130 0.999725044
1341846658.526214 0.349051446 0.078570850 0.762063801 0.006162014 0.015631095 -0.013276270 0.999770701
1341846658.558129 0.355980277 0.085850120 0.766770124 -0.003675720 0.011182951 -0.010085785 0.999879837
1341846658.594206 0.332795918 0.135593578 0.760086358 -0.017169468 0.010738506 -0.014735329 0.999686301
1341846658.626105 0.341311306 0.079903618 0.764664054 -0.044270046 0.003266560 -0.017077683 0.998868287
1341846658.658181 0.340537280 0.067001209 0.762237549 -0.052789897 -0.000138847 -0.014188701 0.998504817
1341846658.694141 0.358039945 0.067422159 0.767035782 -0.067948721 -0.004506076 -0.012634718 0.997598648
1341846658.726153 0.353329986 0.061209407 0.754750133 -0.080901921 -0.004940882 -0.009441683 0.996665061
1341846658.762100 0.356988430 0.065591522 0.767364562 -0.080716535 -0.014214626 -0.010448184 0.996580899
1341846658.794185 0.354810596 0.068991370 0.767523229 -0.084269777 -0.013442135 -0.009399769 0.996307909
1341846658.826155 0.383073747 0.092803746 0.748670459 -0.093210705 -0.014565525 -0.008818867 0.995500803
1341846658.862197 0.359620899 0.061195042 0.752263546 -0.104707211 -0.014004526 -0.010796127 0.994345844
1341846658.894170 0.366876483 0.057353921 0.754207194 -0.106097005 -0.014402550 -0.008444400 0.994215548
1341846658.962404 0.296185702 0.029666543 0.771378696 -0.127602145 0.002941352 -0.006428711 0.991800189
1341846658.994217 0.349629164 0.045870837 0.762291253 -0.125338227 -0.009168143 -0.004789006 0.992060125
1341846659.030070 0.355473846 0.037409391 0.763647616 -0.124752998 -0.008744476 -0.006840304 0.992125690
1341846659.062007 0.343967110 0.034767535 0.760997057 -0.120796107 -0.007730965 -0.006002758 0.992629051
1341846659.094100 0.351638317 0.039181080 0.757980585 -0.119106241 -0.009868011 -0.007185415 0.992806435
1341846659.130368 0.356092304 0.044919059 0.758617878 -0.119084768 -0.007250444 -0.009697785 0.992810249
1341846659.162537 0.348200619 0.038492344 0.756877363 -0.116916791 -0.005716384 -0.007351305 0.993098021
1341846659.198696 0.354262769 0.042102523 0.755907297 -0.114121065 -0.008204447 -0.008886908 0.993393183
1341846659.231286 0.360902131 0.051473644 0.752768695 -0.113610066 -0.004023166 -0.009869035 0.993468225
1341846659.263549 0.349095166 0.036232024 0.756039500 -0.116464272 -0.001202490 -0.006744646 0.993171215
1341846659.298797 0.355434746 0.048493404 0.753381848 -0.114656508 -0.003956545 -0.006614395 0.993375301
1341846659.331074 0.364180088 0.039977755 0.755166352 -0.117814951 -0.003300804 -0.007014419 0.993005276
1341846659.362420 0.360397369 0.034981683 0.757818639 -0.118552826 -0.000535578 -0.004900282 0.992935538
1341846659.398303 0.357856303 0.039151352 0.758980870 -0.115267843 -0.000919328 -0.002608867 0.993330598
1341846659.430262 0.365927160 0.050791502 0.752116859 -0.113108911 -0.002416194 -0.003572426 0.993573189
1341846659.466583 0.361061871 0.045539029 0.754934192 -0.114896744 0.001448516 -0.004055251 0.993368089
1341846659.498531 0.355942667 0.035889808 0.756152928 -0.114836648 0.001316625 -0.001616133 0.993382215
1341846659.530267 0.365254492 0.042230397 0.753328204 -0.111714885 -0.001659522 -0.002262552 0.993736327
1341846659.566571 0.372003227 0.035305701 0.749860108 -0.112391859 0.000423285 -0.003444816 0.993657887
1341846659.598122 0.357563764 0.031074408 0.755161941 -0.111207612 0.004664363 -0.001731527 0.993784726
1341846659.630209 0.355630964 0.040161908 0.751431823 -0.106991418 0.001861771 -0.001017364 0.994257689
1341846659.666409 0.368242592 0.042088505 0.749229491 -0.107171185 -0.000053908 -0.003888575 0.994232953
1341846659.698237 0.353581578 0.036911517 0.751817822 -0.108623177 0.003082481 -0.004226319 0.994069219
1341846659.734169 0.355951697 0.032498535 0.751966059 -0.108921893 -0.004207620 -0.004577986 0.994030833
1341846659.766421 0.364260226 0.039124709 0.751539886 -0.107764758 -0.007302086 -0.007601263 0.994120538
1341846659.798087 0.360881060 0.035048753 0.750350893 -0.108029157 -0.006298606 -0.007498445 0.994099498
1341846659.834075 0.341023296 0.029760426 0.745666385 -0.107316695 -0.006296450 -0.006587808 0.994183123
1341846659.866481 0.348977417 0.037115935 0.746665061 -0.105680890 -0.011715097 -0.007198616 0.994305015
1341846659.898128 0.353520066 0.035086956 0.749849737 -0.105462514 -0.013554319 -0.006469210 0.994309843
1341846659.934286 0.352373868 0.034011293 0.746296644 -0.102519773 -0.015736299 -0.004387808 0.994596779
1341846659.966354 0.347939104 0.039725408 0.745365918 -0.099565782 -0.019351169 -0.004969710 0.994830370
1341846660.002267 0.353697151 0.040027704 0.745874047 -0.098711342 -0.021383580 -0.007232015 0.994860053
1341846660.034581 0.348795772 0.043322239 0.741808712 -0.095710032 -0.021362308 -0.007472303 0.995151937
1341846660.066206 0.344817072 0.024931001 0.747049034 -0.094793499 -0.026474264 -0.007442040 0.995117068
1341846660.102245 0.339707136 0.022758193 0.746202290 -0.092089199 -0.027838057 -0.010999974 0.995300770
1341846660.140244 0.337286323 0.013963449 0.747158110 -0.093190514 -0.026553998 -0.011790259 0.995224297
1341846660.202316 0.335515201 0.016856803 0.747579277 -0.087838359 -0.033650003 -0.011834880 0.995495856
1341846660.234105 0.343313217 0.010264789 0.745410144 -0.085858241 -0.033871174 -0.013033884 0.995646119
1341846660.270168 0.335963100 -0.006186580 0.741756856 -0.081085674 -0.033533160 -0.011988348 0.996070743
1341846660.302258 0.330936879 -0.002888928 0.750669658 -0.065441474 -0.037958175 -0.010347401 0.997080505
1341846660.334349 0.339778751 0.023488568 0.742072463 -0.050122835 -0.039086860 -0.012441088 0.997900367
1341846660.370214 0.344632685 0.023132391 0.736986160 -0.046463996 -0.039272811 -0.014138144 0.998047531
1341846660.401986 0.339101464 0.030702351 0.733763635 -0.045186393 -0.041047037 -0.015733706 0.998010933
1341846660.438062 0.346185684 0.030679388 0.738093793 -0.044194899 -0.042912003 -0.016804904 0.997959435
1341846660.470191 0.337525427 0.025541548 0.739783585 -0.042061273 -0.041502263 -0.016249510 0.998120427
1341846660.502233 0.339454591 0.029593637 0.734159708 -0.039595336 -0.044387724 -0.015288835 0.998112321
1341846660.537985 0.342882276 0.033773385 0.737047553 -0.039691973 -0.044749364 -0.015500281 0.998089075
1341846660.570279 0.339579046 0.032937076 0.738084376 -0.037783310 -0.043143153 -0.011972583 0.998282373
1341846660.602130 0.326771379 0.017451439 0.730366290 -0.036794316 -0.043919150 -0.008124338 0.998324215
1341846660.638256 0.336590230 0.039297868 0.731807292 -0.032670993 -0.046967182 -0.009173501 0.998319864
1341846660.670338 0.340787113 0.023826640 0.731008172 -0.036001321 -0.043487694 -0.008976632 0.998364747
1341846660.706457 0.330575317 0.006780568 0.735858858 -0.033255719 -0.041519109 -0.004216340 0.998575211
1341846660.738241 0.343854159 0.020227527 0.732193172 -0.025356537 -0.044955518 -0.002353207 0.998664379
1341846660.770121 0.361918569 0.018328449 0.732782066 -0.023938872 -0.043556537 -0.002443662 0.998761117
1341846660.806117 0.355430752 0.009816099 0.733528554 -0.019938130 -0.038268205 -0.001917696 0.999066710
1341846660.838338 0.342841238 0.007136163 0.728637516 -0.010605066 -0.037081733 0.001221139 0.999255240
1341846660.870203 0.345380008 0.009677712 0.724488318 -0.003161696 -0.035399385 -0.000599629 0.999368072
1341846660.906366 0.343705773 0.002918472 0.723763347 0.000797040 -0.029036151 -0.001081089 0.999577522
1341846660.938063 0.326616645 -0.013184765 0.729022682 0.009207597 -0.026232792 0.001644914 0.999612093
1341846660.974147 0.343938291 0.004197711 0.719192684 0.023501014 -0.028941914 0.002649648 0.999301314
1341846661.006234 0.349304050 0.011426690 0.719349027 0.027106738 -0.025802845 0.001897211 0.999297678
1341846661.038225 0.328232348 -0.004898908 0.716304183 0.028841540 -0.022387318 0.002744867 0.999329507
1341846661.074059 0.336281091 -0.004282942 0.726129949 0.042344924 -0.026238451 0.003919373 0.998750806
1341846661.106184 0.343835950 0.013163122 0.719291210 0.050598670 -0.025398934 0.003395592 0.998390257
1341846661.138209 0.335721284 0.020342929 0.718193829 0.049314000 -0.023331963 0.002267159 0.998508215
1341846661.174244 0.341740131 0.006523598 0.722863138 0.048653364 -0.024030915 0.001783210 0.998525023
1341846661.206205 0.338974506 0.011287055 0.723426938 0.053017020 -0.023021728 0.002602719 0.998324811
1341846661.242184 0.338533878 0.019283760 0.722907901 0.054948471 -0.023061028 0.003063501 0.998218179
1341846661.274177 0.341015369 0.023448430 0.720278919 0.053839911 -0.022382839 0.002090955 0.998296499
1341846661.308814 0.329443216 0.013694696 0.715785146 0.050946746 -0.021137541 0.001570230 0.998476446
1341846661.342489 0.334432185 0.021797776 0.719444215 0.051651377 -0.022612132 0.000850632 0.998408794
1341846661.374640 0.339261144 0.016551930 0.720714629 0.050258212 -0.023118753 0.000737865 0.998468399
1341846661.410178 0.332577527 0.003577154 0.721475005 0.052599683 -0.024202369 0.002581673 0.998319030
1341846661.442211 0.342843175 0.013358393 0.720983028 0.057196300 -0.026964122 0.002610424 0.997995317
1341846661.474354 0.335851699 0.020007810 0.719355762 0.056680586 -0.024224766 0.001738501 0.998096883
1341846661.510169 0.331752062 0.024808452 0.716159999 0.055518478 -0.026106769 0.000371202 0.998116195
1341846661.542767 0.337165087 0.029554078 0.712628961 0.050434750 -0.027551431 -0.002958405 0.998342872
1341846661.574217 0.328018159 0.006277895 0.714300334 0.045624349 -0.025292967 -0.003702318 0.998631537
1341846661.610041 0.329381913 0.009098371 0.714597583 0.049226660 -0.029161895 -0.001801496 0.998360157
1341846661.642253 0.336711228 0.026508769 0.714126527 0.050409332 -0.030782770 -0.003235282 0.998248935
1341846661.678078 0.333994269 0.007061485 0.711071014 0.046236284 -0.030980246 -0.002742793 0.998446286
1341846661.710142 0.308114052 -0.010703518 0.691655993 0.047324896 -0.029772149 -0.004341358 0.998426378
1341846661.742341 0.330855906 -0.007439277 0.701343536 0.056903265 -0.034076966 -0.005661672 0.997781873
1341846661.778063 0.279760778 -0.022418277 0.694760561 0.062662825 -0.024733312 -0.007492923 0.997700095
1341846661.810103 0.220891356 -0.034114219 0.697732747 0.068228111 -0.014128252 -0.009178579 0.997527480
1341846661.842216 0.181238249 -0.039802685 0.693628371 0.074467495 -0.008763161 -0.010984917 0.997124434
1341846661.878157 0.127001256 -0.057939682 0.690590620 0.074813411 0.003460262 -0.019081490 0.997008979
1341846661.910222 0.079531603 -0.051906236 0.697372556 0.077074453 0.013822212 -0.020048348 0.996727884
1341846661.946090 0.017030938 -0.050892942 0.713482141 0.080325127 0.025100183 -0.022179907 0.996205747
1341846662.010311 -0.082362078 -0.048072476 0.737022281 0.095292479 0.041710373 -0.023153562 0.994305551
1341846662.046195 -0.133076549 -0.045933511 0.740073681 0.104460955 0.047891244 -0.022412719 0.993122339
1341846662.078099 -0.176956072 -0.045099404 0.740863025 0.110351600 0.053630568 -0.023665341 0.992162406
1341846662.110672 -0.223405704 -0.042252287 0.746932685 0.116994299 0.062335003 -0.022421796 0.990920722
1341846662.146166 -0.262102604 -0.040957876 0.751382291 0.125412062 0.067149572 -0.019930182 0.989628971
1341846662.178168 -0.297287464 -0.039308485 0.754362524 0.132433727 0.071630463 -0.019000920 0.988417625
1341846662.214136 -0.328446627 -0.033971563 0.768458068 0.146574140 0.078721814 -0.018170502 0.985894859
1341846662.246167 -0.362076193 -0.027638046 0.768724740 0.157737657 0.081619576 -0.013672153 0.984007180
1341846662.278007 -0.397094458 -0.032043748 0.774178207 0.162068725 0.086851411 -0.014267771 0.982846379
1341846662.314144 -0.434034914 -0.033770621 0.783192515 0.167312607 0.094978862 -0.015251315 0.981199741
1341846662.346164 -0.469405621 -0.036940753 0.792645872 0.172078133 0.098909132 -0.012894427 0.980020344
1341846662.378069 -0.429968864 -0.031718995 0.782079518 0.178052232 0.092420265 -0.015093398 0.979555070
1341846662.414229 -0.463777393 -0.037378311 0.788073659 0.184319690 0.099198043 -0.013525039 0.977754116
1341846662.446102 -0.420803666 -0.032086100 0.782655299 0.191598028 0.091419861 -0.013842628 0.977108479
1341846662.482229 -0.362468392 -0.020487947 0.771815360 0.200294137 0.081393532 -0.016734093 0.976205587
1341846662.514117 -0.352535963 -0.017977960 0.775198221 0.210279584 0.081034735 -0.016629511 0.974135160
1341846662.546261 -0.362895370 -0.019833764 0.771784902 0.217762038 0.082144983 -0.015039674 0.972422600
1341846662.582101 -0.366270840 -0.012410006 0.771433413 0.222721592 0.083622701 -0.016304396 0.971152186
1341846662.620264 -0.389417678 -0.014558249 0.781256139 0.225576267 0.088693462 -0.014707355 0.970068336
1341846662.682024 -0.393894047 -0.017544689 0.773858964 0.233406156 0.087836027 -0.015555284 0.968279123
1341846662.714075 -0.412910968 -0.017545966 0.782689273 0.235081792 0.092089765 -0.014225962 0.967498660
1341846662.750127 -0.407290101 -0.022696989 0.781731009 0.238784030 0.089679606 -0.013221513 0.966832459
1341846662.782002 -0.409434348 -0.026706384 0.772966564 0.240863308 0.089815952 -0.014105049 0.966291368
1341846662.814097 -0.396809667 -0.015983995 0.772843242 0.239773661 0.087724619 -0.014568121 0.966747522
1341846662.850193 -0.396289915 -0.017574662 0.780253649 0.240983382 0.086189128 -0.013764260 0.966596603
1341846662.882162 -0.385903567 -0.012274049 0.770770848 0.243740454 0.083732836 -0.013466246 0.966125309
1341846662.918191 -0.385658026 -0.011159839 0.770770609 0.242741585 0.082604796 -0.013441888 0.966474175
1341846662.956034 -0.384513617 -0.009967316 0.771737814 0.243184954 0.082490921 -0.014563937 0.966356158
1341846663.018208 -0.387843370 -0.014397830 0.770882726 0.247338086 0.079560824 -0.013333066 0.965565205
1341846663.049994 -0.384250373 -0.012400142 0.770296752 0.246887982 0.078314915 -0.015120557 0.965755939
1341846663.118078 -0.385007173 -0.012974876 0.771720946 0.249177173 0.078714482 -0.016669994 0.965109766
1341846663.150227 -0.382775337 -0.011795097 0.771880805 0.250163347 0.079130270 -0.018375244 0.964789689
1341846663.186300 -0.383266360 -0.006874685 0.774582386 0.250340670 0.080131277 -0.019016843 0.964648604
1341846663.218442 -0.391109914 -0.009502427 0.777349770 0.246400192 0.081091531 -0.019293394 0.965576947
1341846663.250380 -0.391839296 -0.010296502 0.777734339 0.240571648 0.081785463 -0.018696411 0.966998875
1341846663.286056 -0.390106529 -0.008115685 0.775390089 0.235681206 0.081814237 -0.018465549 0.968204439
1341846663.318060 -0.381079882 0.000902750 0.770423710 0.228443399 0.079002850 -0.015577675 0.970221341
1341846663.350114 -0.381858706 -0.002205802 0.772795022 0.217447579 0.078499064 -0.014690361 0.972799361
1341846663.385985 -0.381725252 -0.000839574 0.772900581 0.208739981 0.078672662 -0.014667319 0.974691272
1341846663.418056 -0.384642452 0.008247353 0.776140630 0.205437467 0.076347202 -0.012344706 0.975609660
1341846663.454044 -0.382110417 -0.004408884 0.771155715 0.195840016 0.075037599 -0.011813018 0.977689385
1341846663.486091 -0.377421081 -0.001218171 0.775633276 0.189678028 0.074035846 -0.010659363 0.978992999
1341846663.518394 -0.380675048 0.000426283 0.772705317 0.181685656 0.072796822 -0.008169657 0.980624378
1341846663.554251 -0.360192716 -0.015557864 0.760432482 0.172527373 0.069359258 -0.009183520 0.982516825
1341846663.586143 -0.372125328 -0.003769913 0.763957083 0.166993111 0.071087316 -0.006258130 0.983372092
1341846663.622145 -0.375016272 -0.003957215 0.767108560 0.159433842 0.070050374 -0.005892994 0.984702528
1341846663.654099 -0.374301463 -0.003155594 0.766231358 0.153518483 0.068919763 -0.006039312 0.985720932
1341846663.686099 -0.371645689 -0.002978418 0.761635602 0.143905625 0.068458423 -0.004881980 0.987208605
1341846663.722109 -0.370484263 -0.002435401 0.769293606 0.136074558 0.068240792 -0.004449300 0.988335550
1341846663.755694 -0.369472235 -0.006822924 0.764238954 0.130384222 0.069260389 -0.004633692 0.989030540
1341846663.786304 -0.368090123 -0.005860005 0.766469240 0.119182542 0.071142331 -0.004244750 0.990311205
1341846663.822090 -0.375546426 -0.003064988 0.762507915 0.099932604 0.073012985 -0.003181568 0.992306650
1341846663.854115 -0.368143260 -0.004845674 0.770717621 0.092710495 0.072679512 -0.004038893 0.993028760
1341846663.890140 -0.352311105 0.014451037 0.755031765 0.088230990 0.071657963 -0.003785878 0.993512034
1341846663.921987 -0.364473253 0.020119248 0.761417210 0.067546479 0.075413905 -0.003686886 0.994855106
1341846663.954282 -0.368339330 -0.004099577 0.760498464 0.048897430 0.077352755 -0.005082444 0.995791018
1341846663.990370 -0.358258992 0.004469738 0.759753466 0.040279079 0.078206986 -0.005260157 0.996109247
1341846664.022124 -0.363298208 0.001690425 0.758055329 0.026515368 0.081693083 -0.003379170 0.996299028
1341846664.054171 -0.364242494 0.002394300 0.759650290 0.011981904 0.083018556 -0.005164860 0.996462584
1341846664.090250 -0.366297007 -0.006764926 0.757698298 -0.001082237 0.085092537 -0.004203464 0.996363580
1341846664.122237 -0.385834932 -0.015004217 0.773215950 -0.007834707 0.089151032 -0.004523083 0.995976985
1341846664.158241 -0.374479651 0.001402244 0.759969115 -0.010616857 0.085923605 -0.001605175 0.996243834
1341846664.190141 -0.366402060 0.006251750 0.750910282 -0.021045860 0.086281389 -0.006545376 0.996026993
1341846664.222189 -0.387228459 -0.003689588 0.764011919 -0.030246882 0.090880416 -0.004137914 0.995393753
1341846664.258172 -0.383039743 -0.010214116 0.760415852 -0.035867408 0.089368127 -0.003792041 0.995345414
1341846664.290022 -0.368461072 0.004788944 0.753171802 -0.040237952 0.089136176 -0.004643735 0.995195448
1341846664.322491 -0.371157378 0.012110940 0.754637957 -0.048975207 0.091259725 -0.004157958 0.994613349
1341846664.358302 -0.378649712 0.005804965 0.759064317 -0.058346439 0.092265174 -0.002094541 0.994021356
1341846664.390101 -0.373631448 0.004018733 0.757659674 -0.066136204 0.091444507 -0.003443484 0.993605554
1341846664.426143 -0.364429086 -0.008908524 0.757897258 -0.077117167 0.091033049 -0.001788282 0.992855847
1341846664.458304 -0.377629787 -0.010510121 0.767451584 -0.085883267 0.093409695 -0.001479725 0.991915524
1341846664.490116 -0.372180164 -0.005258384 0.766686440 -0.094121210 0.094270214 -0.001696241 0.991085947
1341846664.526173 -0.388910025 -0.012939107 0.771917403 -0.103849366 0.097974770 -0.000742372 0.989755332
1341846664.558129 -0.381991714 -0.013799696 0.771739781 -0.111699149 0.096357875 0.000678713 0.989059150
1341846664.590129 -0.376271993 -0.013093757 0.770876646 -0.118535154 0.097746171 -0.000326419 0.988126993
1341846664.626196 -0.395307273 -0.016414715 0.783880234 -0.121712677 0.103207253 0.000336961 0.987184942
1341846664.658276 -0.407579631 -0.033494160 0.789571345 -0.122228220 0.104555987 0.000644021 0.986979127
1341846664.694136 -0.385224432 -0.012986727 0.775414705 -0.117565021 0.101265185 -0.000987415 0.987888038
1341846664.726667 -0.384663820 -0.007957483 0.773690164 -0.119924851 0.104435526 -0.001389095 0.987273633
1341846664.758141 -0.392871112 -0.012877484 0.775239766 -0.121621244 0.105335690 0.000416794 0.986971378
1341846664.794104 -0.390419006 -0.007388370 0.777187765 -0.122106224 0.103690319 0.000643529 0.987085581
1341846664.826123 -0.391230851 -0.008092152 0.776085794 -0.124234885 0.105069391 0.000980931 0.986673772
1341846664.862093 -0.399032176 -0.012682149 0.780371904 -0.126161993 0.105228245 0.004043227 0.986404479
1341846664.894198 -0.401703596 -0.016260009 0.780755877 -0.127774715 0.105534099 0.003885072 0.986164808
1341846664.926270 -0.392581850 -0.004724049 0.774811745 -0.126666158 0.106837988 0.003853257 0.986167550
1341846664.962375 -0.397318333 -0.015881695 0.778473318 -0.131240159 0.107775331 0.004677532 0.985463619
1341846664.997077 -0.386552185 -0.011130720 0.772364616 -0.132538319 0.105870970 0.003564215 0.985500991
1341846665.026380 -0.390998542 -0.003954906 0.773410797 -0.133968547 0.108081333 0.002395037 0.985071123
1341846665.062417 -0.382123530 -0.008640802 0.772677302 -0.136038095 0.106120564 0.004890700 0.984991431
1341846665.094077 -0.380191177 -0.001219548 0.765642047 -0.137477204 0.105465956 0.004992366 0.984861374
1341846665.130160 -0.383007228 -0.009725389 0.769628167 -0.144269034 0.109219372 0.005699714 0.983475983
1341846665.162114 -0.401604742 -0.018468661 0.773941040 -0.149457589 0.111518204 0.006965755 0.982434511
1341846665.194100 -0.385224640 -0.005431420 0.769052982 -0.149086952 0.107228003 0.007216430 0.982966483
1341846665.230221 -0.372921348 0.005842812 0.756649673 -0.152894795 0.107456215 0.008875034 0.982342899
1341846665.262005 -0.382865250 0.009599037 0.760212243 -0.161690503 0.110333085 0.009435715 0.980608821
1341846665.300077 -0.382819355 0.004117961 0.761649549 -0.170572564 0.109991319 0.009202303 0.979143620
1341846665.362294 -0.405261904 0.002410278 0.773084581 -0.180057496 0.118324183 0.009305055 0.976469219
1341846665.398079 -0.400715768 0.008575696 0.769639611 -0.182437763 0.114685155 0.009676317 0.976457953
1341846665.430162 -0.399008155 -0.014857221 0.764003396 -0.196599752 0.116493590 0.005925982 0.973520756
1341846665.462226 -0.395114750 0.010453449 0.762559235 -0.202100575 0.119104728 0.008202597 0.972060800
1341846665.498226 -0.406417578 0.007446785 0.768821895 -0.207397014 0.118828773 0.009847987 0.970963061
1341846665.530109 -0.401704431 0.000521898 0.769728899 -0.209834918 0.117693029 0.010174522 0.970574141
1341846665.562222 -0.402973831 0.005241158 0.766986847 -0.209410399 0.119587213 0.011639985 0.970417798
1341846665.598196 -0.404243022 0.008267478 0.764077067 -0.210446388 0.118485361 0.012423323 0.970319092
1341846665.630107 -0.394436836 0.013819735 0.758162439 -0.212845564 0.117138468 0.011046984 0.969975948
1341846665.666289 -0.398624897 0.013367480 0.759098589 -0.216974854 0.120357938 0.011859660 0.968656421
1341846665.698060 -0.405310780 0.008313403 0.762036860 -0.221227765 0.120296940 0.012834098 0.967689097
1341846665.730361 -0.396370590 0.013113944 0.754954278 -0.222873271 0.117814988 0.012254539 0.967624366
1341846665.766193 -0.404918641 0.013993369 0.755640328 -0.226879284 0.121672049 0.012425020 0.966212869
1341846665.798338 -0.407318830 0.009217383 0.753808081 -0.231150806 0.122868463 0.012924845 0.965041757
1341846665.834237 -0.399610937 0.019313073 0.744890213 -0.232827574 0.121498942 0.013501666 0.964804173
1341846665.866106 -0.384574920 0.015123518 0.735232472 -0.239405274 0.121095374 0.014285066 0.963232577
1341846665.898073 -0.394998968 0.021754213 0.738305509 -0.245674700 0.125888959 0.015376993 0.961019993
1341846665.934076 -0.401000679 0.010049487 0.744909227 -0.253041804 0.125955388 0.016784169 0.959074259
1341846665.966137 -0.402480274 0.014740291 0.742318094 -0.256502360 0.126434952 0.017248966 0.958083093
1341846665.998149 -0.416717529 0.008914254 0.751773953 -0.262064785 0.132504687 0.018065598 0.955739617
1341846666.034210 -0.410095036 0.013897337 0.744337499 -0.260527343 0.130220190 0.021255819 0.956408083
1341846666.072502 -0.412884265 0.006504843 0.745346904 -0.263381660 0.130122468 0.020906601 0.955646992
1341846666.134147 -0.411713421 0.019057605 0.741441488 -0.268997133 0.132085651 0.022998678 0.953763604
1341846666.166356 -0.423058331 0.019296037 0.739568770 -0.270216197 0.132861212 0.022700092 0.953318298
1341846666.202327 -0.422268420 0.017246034 0.741063774 -0.273211986 0.135033146 0.022464175 0.952164173
1341846666.234319 -0.416284084 0.016177911 0.737001777 -0.275714546 0.132232845 0.023278916 0.951816201
1341846666.266322 -0.414865226 0.005853700 0.737931609 -0.282146931 0.129712895 0.024343180 0.950249970
1341846666.302195 -0.411387235 0.041256122 0.714603007 -0.285872251 0.130571783 0.025319630 0.948992610
1341846666.335080 -0.418926984 0.041806437 0.718436837 -0.296691239 0.131990850 0.024587531 0.945488334
1341846666.370216 -0.417485178 0.040233415 0.726480842 -0.303933233 0.128330767 0.027384870 0.943613231
1341846666.402019 -0.423525751 0.020217553 0.730181932 -0.313344926 0.130170435 0.030563191 0.940178990
1341846666.434088 -0.422186285 0.024955003 0.739671528 -0.318738222 0.131265119 0.033317283 0.938117981
1341846666.470060 -0.425939322 0.023644801 0.740839243 -0.320197731 0.129633993 0.037806265 0.937677562
1341846666.502190 -0.421763659 0.025152456 0.734726548 -0.324663937 0.129437357 0.040720686 0.936045468
1341846666.534121 -0.421963900 0.051977661 0.723697722 -0.329629064 0.131737575 0.042011030 0.933929861
1341846666.570131 -0.433509737 0.039311178 0.734707594 -0.340529352 0.133456349 0.045450311 0.929603934
1341846666.602180 -0.432160825 0.023649069 0.733673930 -0.349170744 0.132430196 0.045756992 0.926524878
1341846666.638072 -0.427485168 0.028439667 0.734634936 -0.355346829 0.132617444 0.046687409 0.924100399
1341846666.670134 -0.431819379 0.031200739 0.738173902 -0.358398974 0.131766066 0.048234772 0.922963321
1341846666.738266 -0.419656247 0.019388376 0.740774333 -0.364827275 0.127281398 0.050820079 0.920933127
1341846666.770390 -0.419971526 0.032170262 0.738393724 -0.364610791 0.125364482 0.053164084 0.921149433
1341846666.802119 -0.420447022 0.031284671 0.735098064 -0.365522981 0.122400403 0.056378640 0.920995414
1341846666.838108 -0.415022552 0.040817957 0.728130698 -0.365412951 0.120101310 0.057934530 0.921245158
1341846666.870483 -0.420211822 0.035682701 0.729901493 -0.369012117 0.120870732 0.059460137 0.919611216
1341846666.906019 -0.422072738 0.039971624 0.726709306 -0.370883912 0.120061249 0.060177613 0.918917358
1341846666.937989 -0.414980441 0.038911421 0.722535014 -0.374746531 0.116387717 0.060712181 0.917787015
1341846666.970036 -0.407543808 0.041107036 0.720970213 -0.378173083 0.114399500 0.059484169 0.916711271
1341846667.006200 -0.414103508 0.034242578 0.724236965 -0.382230222 0.115639791 0.058078915 0.914961398
1341846667.038153 -0.430664152 0.041181926 0.719542265 -0.382832319 0.114821628 0.058336128 0.914796352
1341846667.074153 -0.396893173 0.074982353 0.683561862 -0.381885946 0.105821714 0.054756083 0.916496933
1341846667.106156 -0.381226212 0.066425927 0.696442485 -0.391442418 0.104183979 0.052612800 0.912770748
1341846667.138108 -0.425349265 0.029138615 0.723055363 -0.398333579 0.109509073 0.053774763 0.909090996
1341846667.174105 -0.399867713 0.028173393 0.711854637 -0.396779299 0.103788398 0.051620241 0.910565495
1341846667.206107 -0.359313309 0.043794751 0.701302230 -0.392811477 0.098673321 0.048141941 0.913041651
1341846667.238075 -0.423446178 0.023208696 0.714604616 -0.392275393 0.109976172 0.043754078 0.912201107
1341846667.274016 -0.530043781 0.000180360 0.711245656 -0.386678547 0.128802270 0.033444945 0.912562907
1341846667.306189 -0.502481103 -0.031766072 0.726203024 -0.384947568 0.126925975 0.030284103 0.913667381
1341846667.342253 -0.504410565 -0.031103475 0.725669861 -0.371253848 0.124467455 0.028793892 0.919700682
1341846667.374345 -0.492046028 -0.022021446 0.701189041 -0.359860480 0.120982423 0.026228065 0.924757123
1341846667.406982 -0.486933231 -0.033576164 0.719576180 -0.357120782 0.122479446 0.020147068 0.925774038
1341846667.442109 -0.466824889 -0.082587056 0.737155378 -0.355393648 0.118099548 0.023374265 0.926931202
1341846667.474109 -0.459348947 -0.087651536 0.717021763 -0.342426091 0.115440004 0.022660015 0.932150483
1341846667.506006 -0.507984340 -0.100203454 0.704585731 -0.330293953 0.125423908 0.012996256 0.935417473
1341846667.542298 -0.537658155 -0.121265538 0.718937695 -0.319774121 0.128185645 0.009054705 0.938739002
1341846667.574196 -0.488680512 -0.024499534 0.698084533 -0.288048655 0.116423443 0.007529080 0.950482428
1341846667.610099 -0.475404710 -0.005767555 0.684449136 -0.274617583 0.116268463 0.004237778 0.954488814
1341846667.642293 -0.442848235 -0.010439449 0.677111566 -0.267357856 0.110311478 0.005853718 0.957244456
1341846667.674072 -0.517798901 0.068054676 0.662614584 -0.250137240 0.122521743 0.004120596 0.960418046
1341846667.710179 -0.490649968 0.033224527 0.672588468 -0.255960286 0.121723317 0.003865774 0.958985329
1341846667.742255 -0.450131595 0.031846173 0.663486302 -0.251578182 0.115339853 0.003586173 0.960933030
1341846667.774114 -0.424969673 0.022085622 0.659055889 -0.245160401 0.109595634 0.005750218 0.963250816
1341846667.810099 -0.480186790 0.019393824 0.671511948 -0.242217198 0.122674018 0.001521694 0.962434173
1341846667.842103 -0.495664328 0.018928574 0.685372829 -0.238314673 0.127398327 -0.000566674 0.962795675
1341846667.878139 -0.476744354 0.013089774 0.680656254 -0.229349062 0.122886494 0.000605228 0.965555549
1341846667.910558 -0.436930537 0.001772136 0.668970764 -0.225987718 0.118874714 -0.001096849 0.966849089
1341846667.942116 -0.380198449 -0.002208643 0.666898668 -0.222201601 0.113074705 -0.001085868 0.968421042
1341846667.978287 -0.320023805 0.003772822 0.659176826 -0.212912560 0.102499768 0.001285773 0.971679151
1341846668.010215 -0.253832251 -0.007770562 0.654597819 -0.207671016 0.093444437 -0.000876888 0.973724842
1341846668.046247 -0.194247574 -0.003682305 0.638431966 -0.198231146 0.086114183 -0.001981703 0.976363063
1341846668.078111 -0.134724081 0.008208412 0.624585629 -0.186124951 0.076080382 -0.001570411 0.979574800
1341846668.110130 -0.143811181 -0.001219366 0.615610898 -0.180101618 0.081862099 0.000517206 0.980235517
1341846668.146332 -0.083142318 0.014077734 0.607133031 -0.169482514 0.074592769 -0.001236394 0.982705474
1341846668.178208 -0.021419039 0.038917385 0.603542149 -0.152266726 0.062613033 0.003988180 0.986346066
1341846668.211262 0.034179706 0.044320844 0.600425720 -0.139256030 0.052730732 0.004782897 0.988839924
1341846668.246163 0.094373353 0.051445868 0.594723284 -0.124976784 0.044239342 0.009006074 0.991131961
1341846668.278397 0.159963682 0.056144532 0.599679649 -0.112140752 0.031571027 0.013074438 0.993104637
1341846668.314248 0.211532518 0.065019406 0.594997466 -0.100532793 0.022293776 0.012482843 0.994605601
1341846668.346231 0.251473159 0.085664347 0.585159540 -0.089425094 0.017506691 0.016354468 0.995705366
1341846668.378099 0.278569788 0.100648865 0.585155189 -0.081097364 0.011387601 0.019778255 0.996444881
1341846668.414247 0.321188986 0.091420889 0.586102962 -0.077790275 0.004683956 0.018405974 0.996788800
1341846668.445965 0.348690450 0.101418987 0.598447859 -0.068388060 0.000355408 0.022688288 0.997400701
1341846668.478153 0.369255513 0.123662360 0.606109023 -0.045768656 -0.006110856 0.026419563 0.998583913
1341846668.514213 0.419826925 0.118488170 0.589075625 -0.031839147 -0.014918007 0.027584571 0.999000907
1341846668.546115 0.444192767 0.134075359 0.587940156 -0.022529868 -0.018756298 0.026988417 0.999205828
1341846668.582467 0.468467087 0.136280581 0.593644202 -0.015069288 -0.023106068 0.024549197 0.999317944
1341846668.614140 0.478460401 0.142240897 0.607850611 -0.000438153 -0.023488177 0.024205403 0.999430954
1341846668.646312 0.537513614 0.151770696 0.598865211 0.012694445 -0.034112126 0.021645013 0.999102950
1341846668.682455 0.562614679 0.159884855 0.611081421 0.021740019 -0.040905155 0.023111973 0.998659074
1341846668.714133 0.511250615 0.125351056 0.588235140 0.028333206 -0.033808589 0.021365635 0.998798132
1341846668.746132 0.529388249 0.116934575 0.586160243 0.035115499 -0.038552739 0.021130584 0.998415828
1341846668.782338 0.567396224 0.112442374 0.582382321 0.032869164 -0.045126211 0.019004270 0.998259544
1341846668.814140 0.545465171 0.111453764 0.584580243 0.031898163 -0.041256480 0.017674910 0.998482883
1341846668.850214 0.518632352 0.100410849 0.578494549 0.029525192 -0.037541144 0.015945112 0.998731554
1341846668.882442 0.550660074 0.104783796 0.583122432 0.027565531 -0.044501405 0.014833350 0.998518765
1341846668.914289 0.558426142 0.105135135 0.582120657 0.027265798 -0.046861473 0.012761027 0.998447657
1341846668.950088 0.576199889 0.100199915 0.561041296 0.027480239 -0.053852171 0.005788991 0.998153925
1341846668.982227 0.613111675 0.099412061 0.548341453 0.023899991 -0.062370468 0.003441462 0.997760952
1341846669.014062 0.614114881 0.097575575 0.552861929 0.016710911 -0.063910335 -0.003344281 0.997810125
1341846669.050056 0.552715898 0.089644589 0.556111276 0.011552199 -0.057469480 -0.009788965 0.998232424
1341846669.082525 0.597962558 0.104811780 0.549195111 0.010106681 -0.068738848 -0.014283229 0.997481227
1341846669.118346 0.606403589 0.103581570 0.547051072 0.001574185 -0.071387172 -0.024282534 0.997151792
1341846669.150086 0.544184327 0.087998912 0.543875575 -0.007114236 -0.063718788 -0.035461165 0.997312248
1341846669.182477 0.568090320 0.077934131 0.545834959 -0.009714169 -0.072178476 -0.043487180 0.996395886
1341846669.218046 0.561135471 0.103237413 0.527027845 -0.011477464 -0.069869146 -0.051798984 0.996144235
1341846669.250205 0.549959064 0.092039250 0.543788612 -0.017636536 -0.070470810 -0.057460107 0.995701313
1341846669.286114 0.569231629 0.101838812 0.542553425 -0.016101284 -0.075734787 -0.062569410 0.995032668
1341846669.318030 0.575669467 0.109958403 0.538422763 -0.016452316 -0.075178534 -0.067515753 0.994745791
1341846669.350255 0.543893695 0.099880315 0.543325722 -0.020057676 -0.072095439 -0.073508017 0.994482994
1341846669.418200 0.574320912 0.109746091 0.534524381 -0.025270985 -0.080476284 -0.095258877 0.991872311
1341846669.450219 0.562119126 0.113877125 0.552783847 -0.027845839 -0.079848446 -0.105466820 0.990820646
1341846669.486175 0.580267847 0.115833879 0.547917306 -0.029761938 -0.085439034 -0.116239920 0.989091814
1341846669.518033 0.580822706 0.120077461 0.538134992 -0.034762114 -0.083303221 -0.129195318 0.987502277
1341846669.554159 0.569286108 0.126675904 0.546248972 -0.038469825 -0.080592424 -0.140061215 0.986107409
1341846669.586348 0.590620935 0.131180555 0.546617091 -0.040644042 -0.084895603 -0.148255467 0.984459817
1341846669.617976 0.607416332 0.122335754 0.537943661 -0.049063817 -0.084310018 -0.158984095 0.982450306
1341846669.654096 0.580663919 0.122654885 0.553344190 -0.052638225 -0.076742887 -0.168126345 0.981362998
1341846669.686069 0.632893622 0.121737719 0.567976236 -0.051220018 -0.085294545 -0.173825324 0.979737759
1341846669.718075 0.637638330 0.116789728 0.554092407 -0.054546684 -0.083479717 -0.182003647 0.978228211
1341846669.754171 0.648676038 0.117930554 0.549044728 -0.059438974 -0.081517309 -0.191336304 0.976325929
1341846669.786139 0.641756177 0.095757253 0.559582472 -0.067221195 -0.079462498 -0.200517893 0.974145591
1341846669.822151 0.620140672 0.082714692 0.551106691 -0.072848745 -0.075414993 -0.208630219 0.972357452
1341846669.854118 0.636847615 0.078400500 0.551459432 -0.078179136 -0.076118186 -0.216246873 0.970222294
1341846669.886219 0.635373175 0.076315567 0.554759681 -0.083345003 -0.074203514 -0.227387220 0.967389524
1341846669.922050 0.649182498 0.074762203 0.555569410 -0.084518075 -0.074662313 -0.234835222 0.965471208
1341846669.954047 0.634862900 0.052447289 0.532513499 -0.093270287 -0.070496164 -0.242793843 0.963006794
1341846669.986285 0.664823115 0.074395180 0.542548239 -0.093647115 -0.071699753 -0.253722131 0.960059583
1341846670.022242 0.691870630 0.082092315 0.554269969 -0.093091682 -0.071987115 -0.263157189 0.957548976
1341846670.054135 0.690636337 0.048612852 0.535030305 -0.101760358 -0.070549577 -0.270852089 0.954623878
1341846670.090228 0.699059784 0.045935407 0.536294281 -0.105867155 -0.068874277 -0.280531973 0.951498985
1341846670.121996 0.665133655 0.047065530 0.535930991 -0.110067733 -0.057872411 -0.293592215 0.947807729
1341846670.154057 0.696508467 0.046674225 0.533600867 -0.111339547 -0.057925057 -0.302975595 0.944697857
1341846670.190103 0.647012472 0.071849629 0.547429562 -0.113194056 -0.045483209 -0.314377904 0.941427052
1341846670.222197 0.668288767 0.068696111 0.540894091 -0.112871312 -0.044745505 -0.325639904 0.937665462
1341846670.258571 0.655713797 0.056508679 0.537851036 -0.116404042 -0.037985675 -0.335269809 0.934131324
1341846670.290254 0.656962097 0.064540930 0.539635003 -0.115973532 -0.035117608 -0.339241534 0.932862282
1341846670.358377 0.678182900 0.072219439 0.530626833 -0.109615311 -0.024153981 -0.355128855 0.928054154
1341846670.390114 0.740062475 0.060098320 0.531925559 -0.105386890 -0.028023245 -0.361063987 0.926143110
1341846670.422206 0.794775069 0.060520649 0.532678127 -0.095738456 -0.029982476 -0.368191600 0.924321473
1341846670.464003 0.819531381 0.066910140 0.524580300 -0.086098291 -0.023593169 -0.379597217 0.920834601
1341846670.526271 0.910489380 0.068049252 0.522030592 -0.072049379 -0.025080197 -0.382123679 0.920956731
1341846670.566977 0.937153518 0.072970532 0.536490858 -0.068017624 -0.022769323 -0.390783370 0.917683780
1341846670.596103 0.983760774 0.073359571 0.539931595 -0.061340723 -0.026859751 -0.394876927 0.916290402
1341846670.628412 1.017257214 0.072025508 0.540004611 -0.055967223 -0.028911889 -0.398232013 0.915119112
1341846670.664027 1.053972602 0.072132364 0.536662817 -0.048862312 -0.029926609 -0.403906912 0.913003862
1341846670.696002 1.085542321 0.072972856 0.538390100 -0.039140258 -0.029611515 -0.406322420 0.912410617
1341846670.728093 1.110826373 0.072118841 0.533315718 -0.031333808 -0.028168933 -0.410250515 0.910999000
1341846670.764128 1.138401389 0.071333855 0.539515018 -0.023918364 -0.024958525 -0.416269869 0.908583701
1341846670.796059 1.154958010 0.076296061 0.537666440 -0.014888706 -0.018864190 -0.419457227 0.907456934
1341846670.832246 1.176289678 0.076774448 0.534641147 -0.006082806 -0.018983966 -0.418170065 0.908149958
1341846670.863970 1.198717356 0.074731149 0.535572767 -0.001422315 -0.021041080 -0.414271683 0.909908950
1341846670.896139 1.218442202 0.079401202 0.543567538 0.007132809 -0.017112719 -0.413301349 0.910405517
1341846670.932028 1.225584984 0.075175792 0.548162639 0.016922478 -0.013331845 -0.406823933 0.913252532
1341846670.964063 1.250321507 0.078774214 0.538282454 0.028062958 -0.017496265 -0.397261500 0.917109370
1341846671.000270 1.266809225 0.082690805 0.547959805 0.036839653 -0.017662009 -0.398634821 0.916199327
1341846671.032112 1.285166740 0.085926600 0.549505353 0.047042668 -0.013173296 -0.399551898 0.915407956
1341846671.064030 1.294076800 0.091003790 0.556040466 0.057634141 -0.010563013 -0.400416791 0.914457798
1341846671.101398 1.304576635 0.092026800 0.558844209 0.066728689 -0.010774686 -0.405419528 0.911628306
1341846671.132289 1.308213949 0.094462618 0.562343597 0.079820007 -0.007222560 -0.410902977 0.908149421
1341846671.168159 1.308200002 0.089353189 0.566429555 0.091674268 -0.009968451 -0.408712447 0.907992601
1341846671.200149 1.319854617 0.094184846 0.561887085 0.104533397 -0.014913716 -0.411606342 0.905224025
1341846671.232280 1.340705752 0.080200031 0.550233722 0.114779525 -0.018017419 -0.415993690 0.901914775
1341846671.268147 1.344106436 0.090533584 0.568734765 0.127404913 -0.014629263 -0.412934124 0.901686966
1341846671.300337 1.360166550 0.101875775 0.566101611 0.137810841 -0.019678958 -0.412046045 0.900465965
1341846671.336125 1.383198380 0.092476822 0.581949472 0.145955592 -0.026573446 -0.415890247 0.897232473
1341846671.368236 1.391825914 0.100465849 0.582350731 0.154113963 -0.026151976 -0.416118115 0.895773828
1341846671.400327 1.402852774 0.108225897 0.580447257 0.161634564 -0.029442837 -0.415784508 0.894500196
1341846671.436064 1.419910312 0.116879515 0.572831869 0.169719458 -0.032950763 -0.420424014 0.890703738
1341846671.468197 1.435564518 0.134665444 0.567453265 0.178871945 -0.033099648 -0.422082782 0.888118982
1341846671.504294 1.431783557 0.146290436 0.538913667 0.182187602 -0.034015846 -0.426826686 0.885138154
1341846671.536197 1.446598768 0.159362793 0.549220502 0.192810297 -0.042061262 -0.432201684 0.879918575
1341846671.568120 1.460747004 0.164376050 0.535617471 0.201704040 -0.044706017 -0.437300414 0.875262916
1341846671.604188 1.466066122 0.171904102 0.525611818 0.208572701 -0.048494235 -0.440286696 0.871948004
1341846671.636057 1.478324413 0.183747560 0.524047852 0.221227542 -0.056756143 -0.444686830 0.866077781
1341846671.672157 1.494162798 0.203643963 0.508011043 0.235330343 -0.061774775 -0.447858065 0.860364258
1341846671.704027 1.503677368 0.203038558 0.497608066 0.237492323 -0.065465815 -0.449170440 0.858811736
1341846671.736479 1.518887639 0.216733277 0.484180957 0.240408599 -0.067673020 -0.454250783 0.855149269
1341846671.774745 1.512418628 0.210041806 0.490339130 0.242523804 -0.070557639 -0.459570765 0.851468384
1341846671.804605 1.520561695 0.216010705 0.477459997 0.245244354 -0.074630097 -0.461694449 0.849190056
1341846671.840252 1.519524217 0.216914132 0.474140644 0.246334538 -0.077571221 -0.466187984 0.846150577
1341846671.872106 1.523057818 0.222362041 0.464501172 0.249714568 -0.077806465 -0.469901055 0.843078732
1341846671.904035 1.523669600 0.229083642 0.459115803 0.250328332 -0.078471594 -0.472419232 0.841426134
1341846671.972239 1.517655849 0.223324075 0.475071430 0.251167446 -0.079610176 -0.485102445 0.833818138
1341846672.034218 1.523228288 0.225061044 0.464839131 0.253019601 -0.082237318 -0.495781630 0.826691389
1341846672.066227 1.528219461 0.219573811 0.455311626 0.252806038 -0.081978619 -0.501725316 0.823189080
1341846672.098024 1.519844055 0.216075376 0.454968512 0.251890689 -0.082999289 -0.505645573 0.820965767
1341846672.134061 1.527121067 0.208592996 0.448280245 0.252680242 -0.085794404 -0.511903107 0.816545904
1341846672.166000 1.525867820 0.205597669 0.449419826 0.252628177 -0.084679693 -0.517983139 0.812835693
1341846672.198405 1.523204088 0.203757077 0.444650799 0.252595544 -0.083923757 -0.521753013 0.810509801
1341846672.234130 1.521232247 0.195020407 0.452441990 0.253936023 -0.087203920 -0.525616646 0.807241678
1341846672.266403 1.532943845 0.198425233 0.455897868 0.258753985 -0.088527836 -0.527280092 0.804477990
1341846672.302710 1.533316851 0.203457698 0.455923647 0.258632243 -0.088616662 -0.528424859 0.803755939
1341846672.335022 1.539142370 0.200563014 0.455945343 0.257537723 -0.090792723 -0.531083643 0.802110434
1341846672.366487 1.541418314 0.199547559 0.456758678 0.259015322 -0.090420231 -0.533681691 0.799949408
1341846672.402478 1.545258164 0.206505075 0.455567807 0.260825694 -0.089910589 -0.532588124 0.800147474
1341846672.434330 1.547183514 0.206283882 0.461111695 0.260435402 -0.090688363 -0.531419694 0.800963283
1341846672.472323 1.548138976 0.208974868 0.461186498 0.261225045 -0.090770133 -0.530757606 0.801135838
1341846672.534812 1.561455846 0.207858160 0.468708903 0.261256993 -0.095828459 -0.527649522 0.802588105
1341846672.570153 1.555483699 0.208955675 0.467756152 0.258325338 -0.096045114 -0.529400051 0.802358329
1341846672.608881 1.550380111 0.213516876 0.470479429 0.258794725 -0.097535864 -0.527138889 0.803515136
1341846672.640836 1.562681079 0.215796724 0.473329961 0.258004606 -0.102082834 -0.523138762 0.805815399
1341846672.708152 1.553442121 0.221432507 0.477787763 0.255757898 -0.106577672 -0.512408912 0.812813759
1341846672.770288 1.550421476 0.218729168 0.485778868 0.253114432 -0.117233239 -0.490159869 0.825792193
1341846672.803280 1.548063636 0.218593836 0.483355880 0.252905488 -0.121540815 -0.480519652 0.830883563
1341846672.838034 1.548258662 0.222703427 0.485809028 0.252416432 -0.126811683 -0.470178097 0.836144269
1341846672.870092 1.551284909 0.223173216 0.490726054 0.251778036 -0.132743135 -0.462689936 0.839586258
1341846672.902275 1.548821092 0.226114631 0.494725466 0.250605226 -0.136986926 -0.455619097 0.843114972
1341846672.938315 1.547779083 0.226035759 0.491379589 0.247709498 -0.142497316 -0.446652859 0.847841799
1341846672.970326 1.543841004 0.222888783 0.491128743 0.243390620 -0.147431016 -0.438512892 0.852485478
1341846673.008221 1.547033787 0.227691129 0.496893138 0.240691170 -0.152536526 -0.428999603 0.857181251
1341846673.070235 1.544653535 0.228162333 0.492835522 0.230794147 -0.159177378 -0.411294341 0.867313981
1341846673.106189 1.547052264 0.233655676 0.504327416 0.230713606 -0.164901942 -0.398132920 0.872392535
1341846673.138104 1.547219992 0.232740343 0.499844849 0.228607312 -0.171068192 -0.384280801 0.877953649
1341846673.170298 1.549315810 0.232702374 0.498543441 0.226934403 -0.176001415 -0.375075459 0.881386817
1341846673.206489 1.541831493 0.229993641 0.497905344 0.226219878 -0.179790944 -0.365908861 0.884652734
1341846673.238153 1.544726610 0.231510207 0.499857336 0.226437002 -0.186328456 -0.354492366 0.887886941
1341846673.274220 1.538774967 0.228298903 0.500849426 0.225664139 -0.189749315 -0.346538067 0.890495539
1341846673.306107 1.538977504 0.225323036 0.505636573 0.226842284 -0.194372520 -0.336270779 0.893131554
1341846673.338187 1.536205530 0.225713775 0.502404749 0.226525530 -0.198626131 -0.325893342 0.896117985
1341846673.374098 1.540912032 0.221403643 0.505256534 0.227510586 -0.203165606 -0.315765470 0.898473620
1341846673.406266 1.541750312 0.223407045 0.506178796 0.227792382 -0.206305355 -0.303286016 0.901979089
1341846673.438267 1.540924191 0.224036351 0.514496922 0.228712991 -0.212425068 -0.289751530 0.904770672
1341846673.474135 1.547051072 0.225503087 0.510802448 0.229966938 -0.217283145 -0.274291158 0.908112109
1341846673.506260 1.546380877 0.222039878 0.510687649 0.228799060 -0.222210705 -0.259557396 0.911538959
1341846673.542168 1.541870117 0.222748905 0.511747718 0.226163194 -0.228003711 -0.247928739 0.913999915
1341846673.574072 1.539963365 0.221847162 0.512634635 0.223033413 -0.232820988 -0.237694576 0.916270554
1341846673.606102 1.535319448 0.223673254 0.514363468 0.220044255 -0.238339871 -0.226334244 0.918448389
1341846673.648026 1.536157012 0.221846715 0.507514179 0.213551223 -0.246008471 -0.214384034 0.920823097
1341846673.710162 1.520476341 0.226605281 0.499671191 0.199846119 -0.256256133 -0.194598868 0.925486684
1341846673.742225 1.514677405 0.226590723 0.498488218 0.192165405 -0.263649285 -0.180428743 0.927904606
1341846673.774298 1.504583955 0.227818072 0.493030250 0.186518490 -0.269863397 -0.167195201 0.929747462
1341846673.810154 1.498850107 0.228725731 0.491856456 0.180785850 -0.276087791 -0.153104588 0.931477845
1341846673.842305 1.488343120 0.231909171 0.481109351 0.174471363 -0.281719148 -0.140503079 0.932980657
1341846673.874285 1.476545691 0.234168306 0.475964487 0.168393955 -0.284443498 -0.131783828 0.934541821
1341846673.910253 1.466584921 0.230198860 0.470558763 0.159078360 -0.287322223 -0.120796837 0.936775386
1341846673.942284 1.458782554 0.234053716 0.467885017 0.155626670 -0.290290117 -0.112951212 0.937418818
1341846673.978434 1.450866342 0.236212075 0.466651052 0.154121161 -0.290178269 -0.106260329 0.938483894
1341846674.016486 1.440930128 0.237831384 0.462379992 0.153341413 -0.288653821 -0.097838394 0.939996302
1341846674.052060 1.432866812 0.238427386 0.456559449 0.150933325 -0.288818449 -0.087960459 0.941310763
1341846674.084057 1.427046299 0.237354904 0.450698763 0.149328038 -0.287723124 -0.081058219 0.942521155
1341846674.152235 1.415645242 0.246880710 0.435527056 0.139507800 -0.285981417 -0.068845458 0.945522308
1341846674.210322 1.400585413 0.253952950 0.424516290 0.130545482 -0.282258987 -0.055903193 0.948768973
1341846674.246217 1.389200687 0.251035213 0.413601100 0.124039419 -0.281159163 -0.049749333 0.950309813
1341846674.278035 1.380792618 0.246223494 0.413036197 0.121888839 -0.282093197 -0.041114077 0.950724006
1341846674.310117 1.377118349 0.248892039 0.401123881 0.119539663 -0.282130986 -0.032715846 0.951336980
1341846674.346212 1.369590878 0.250404596 0.398141056 0.116029344 -0.281160980 -0.027515622 0.952222943
1341846674.378058 1.363120675 0.241758615 0.401479602 0.113425583 -0.280321449 -0.016717546 0.953034639
1341846674.410162 1.356791019 0.240219027 0.387830913 0.110756889 -0.279175252 -0.008170508 0.953796268
1341846674.446125 1.349323630 0.237167105 0.381045222 0.106835373 -0.277685016 -0.004179665 0.954703987
1341846674.478198 1.340841293 0.227148503 0.375895530 0.104220808 -0.275801241 0.001979072 0.955545783
1341846674.514124 1.330962062 0.226062298 0.354874879 0.102931626 -0.273155212 0.003361923 0.956441343
1341846674.546062 1.330204606 0.225223199 0.353397787 0.100335218 -0.273678958 0.008972775 0.956531346
1341846674.578094 1.328166723 0.222792462 0.348054320 0.098964624 -0.272432327 0.012952711 0.956984282
1341846674.614179 1.326877236 0.226152092 0.336970508 0.096476771 -0.270347565 0.017978106 0.957747996
1341846674.682209 1.334218383 0.223171771 0.370130986 0.095484108 -0.275703222 0.034033332 0.955882967
1341846674.714186 1.343097448 0.223028556 0.363270223 0.094061896 -0.276435345 0.043988582 0.955406129
1341846674.752271 1.348958254 0.221268192 0.362808704 0.091016524 -0.277412146 0.052864194 0.954967976
1341846674.814222 1.371019363 0.225668207 0.372326374 0.087324031 -0.280091375 0.066498734 0.953677773
1341846674.846370 1.382049322 0.224630207 0.375071317 0.085390709 -0.281386226 0.074743368 0.952860773
1341846674.882158 1.397681117 0.228759736 0.380771995 0.083948292 -0.284402281 0.079919986 0.951672614
1341846674.914224 1.406072617 0.229504868 0.381775945 0.080109268 -0.285184234 0.086267047 0.951215267
1341846674.950305 1.419391632 0.224663481 0.392316639 0.074921899 -0.288297713 0.091065966 0.950251579
1341846674.982342 1.433771372 0.219947889 0.393847942 0.069596089 -0.292543441 0.095064916 0.948966503
1341846675.014137 1.446139693 0.222920477 0.401603818 0.060258631 -0.297250509 0.096380539 0.948009431
1341846675.050230 1.459056973 0.218330353 0.413673460 0.049084570 -0.301451087 0.098588660 0.947099924
1341846675.088201 1.474016070 0.224708721 0.411960632 0.043683227 -0.303240687 0.099764168 0.946669936
1341846675.150188 1.507178068 0.215061709 0.441736341 0.013636551 -0.309671998 0.100924112 0.945373774
1341846675.182290 1.525687575 0.216949314 0.452979445 0.000621054 -0.310625136 0.095315263 0.945741355
1341846675.218759 1.543524861 0.211049408 0.460106820 -0.008978967 -0.313430429 0.098867558 0.944407701
1341846675.251951 1.560024858 0.215387762 0.487090766 -0.014728904 -0.318190664 0.097368591 0.942898273
1341846675.282406 1.581923723 0.221548155 0.496500343 -0.018145654 -0.320674568 0.099838093 0.941738248
1341846675.318078 1.600793958 0.224518105 0.513566494 -0.023621066 -0.321737677 0.101578034 0.941067874
1341846675.350149 1.618481159 0.238983035 0.525571227 -0.029714251 -0.323143452 0.100549668 0.940523863
1341846675.382271 1.636054993 0.253990829 0.556002080 -0.037136130 -0.326413095 0.097976699 0.939401925
1341846675.450238 1.667167187 0.255160272 0.604110360 -0.047038533 -0.325823665 0.106166303 0.938272357
1341846675.486165 1.683419466 0.268030673 0.634950221 -0.039680928 -0.328297436 0.120132342 0.936063290
1341846675.518083 1.698571682 0.270456791 0.657964408 -0.033408567 -0.330513060 0.129296318 0.934305847
1341846675.550092 1.714850068 0.270503163 0.672103047 -0.029589398 -0.333456188 0.137430876 0.932225406
1341846675.586070 1.727382660 0.273685426 0.688609958 -0.026702667 -0.334945947 0.140506059 0.931319594
1341846675.618075 1.737520814 0.272551507 0.713609338 -0.022819942 -0.335381597 0.144020751 0.930728972
1341846675.650024 1.750605702 0.272819489 0.731791854 -0.018711999 -0.338451356 0.147682950 0.929134190
1341846675.686118 1.759387136 0.273162454 0.750554144 -0.014839075 -0.341938645 0.147257790 0.927994013
1341846675.718055 1.768874288 0.271052688 0.762240410 -0.010757766 -0.341124415 0.147594705 0.928296387
1341846675.754170 1.782043576 0.270097613 0.781937361 -0.004802417 -0.342672199 0.148027286 0.927707195
1341846675.786330 1.798498631 0.268660247 0.794046164 -0.001913475 -0.344374001 0.149070799 0.926920056
1341846675.818106 1.814273477 0.272841990 0.808711946 0.002107394 -0.343606174 0.147423238 0.927467942
1341846675.854095 1.830875993 0.272191972 0.828631341 0.005711150 -0.345419765 0.147955418 0.926693976
1341846675.886163 1.850542426 0.277377576 0.842547774 0.012147966 -0.349924237 0.151357144 0.924389780
1341846675.922346 1.868831277 0.279366255 0.856509507 0.021109661 -0.351445764 0.155454800 0.922970235
1341846675.961651 1.895232201 0.274290085 0.875964165 0.027705964 -0.355479598 0.155187786 0.921294451
1341846676.028080 1.912539124 0.279504031 0.895099878 0.050738059 -0.359892547 0.159603849 0.917839646
1341846676.858331 0.043735255 0.066541530 -0.254903048 0.014580648 0.000099813 0.071646132 0.997323513
1341846676.926062 0.050388165 0.072322696 -0.261393577 0.014925791 -0.000473311 0.071785219 0.997308314
1341846676.994140 0.049330819 0.070215978 -0.251769006 0.016415244 -0.000150765 0.072340913 0.997244895
1341846677.026242 0.057983205 0.073304139 -0.259808391 0.017033840 -0.001865636 0.072810940 0.997198522
1341846677.094244 0.054878112 0.072212182 -0.257197171 0.014656621 -0.001574322 0.071213767 0.997352183
1341846677.126108 0.068673588 0.066816166 -0.255126804 0.015663229 -0.004800784 0.072990127 0.997198105
1341846677.162066 0.070291832 0.071248002 -0.256584436 0.018297764 -0.004209698 0.071784385 0.997243464
1341846677.194068 0.065709867 0.075786419 -0.261290044 0.017733032 -0.004344892 0.071629599 0.997264206
1341846677.226206 0.077166900 0.064380445 -0.259381145 0.015544512 -0.005326628 0.071364567 0.997314930
1341846677.262033 0.079133011 0.065701798 -0.259742230 0.018890822 -0.002596213 0.072593994 0.997179270
1341846677.294125 0.074320875 0.066795312 -0.261390090 0.020061534 -0.003352786 0.072015502 0.997196078
1341846677.326503 0.077816516 0.069093548 -0.261814535 0.018660307 -0.002988395 0.070951171 0.997300744
1341846677.362194 0.078100137 0.073306121 -0.263720065 0.019979168 0.000349591 0.071843058 0.997215748
1341846677.394280 0.088198423 0.068110123 -0.261619985 0.020298922 -0.001158104 0.072304212 0.997175395
1341846677.430058 0.092156775 0.067462333 -0.262666464 0.020404082 -0.000302634 0.071360081 0.997241855
1341846677.468326 0.096681625 0.066062003 -0.262080103 0.021454114 0.002193994 0.070950709 0.997246683
1341846677.530161 0.099956080 0.070808336 -0.260374844 0.026600128 0.004697242 0.069260426 0.997232854
1341846677.562051 0.106007114 0.069703937 -0.265225947 0.027348647 0.006987570 0.068744265 0.997234881
1341846677.594105 0.096803330 0.061909359 -0.267110825 0.026341517 0.009234750 0.068726957 0.997244954
1341846677.630227 0.104287475 0.069661997 -0.261673838 0.028344603 0.008839412 0.067038015 0.997308552
1341846677.662033 0.096858017 0.062552147 -0.263463408 0.028263327 0.011584019 0.067653373 0.997241199
1341846677.730320 0.101832770 0.064066410 -0.261893302 0.027617157 0.010874636 0.066858374 0.997320890
1341846677.763691 0.099885933 0.062015224 -0.251145184 0.028847994 0.011756608 0.066618904 0.997292101
1341846677.798630 0.097986370 0.069515817 -0.263181567 0.029761080 0.010763434 0.066620372 0.997276366
1341846677.830104 0.117378660 0.063056506 -0.261767834 0.028324544 0.009037885 0.066108964 0.997369349
1341846677.862185 0.117869265 0.056985222 -0.255161941 0.030541040 0.011056348 0.064638712 0.997380018
1341846677.898344 0.115414493 0.060163036 -0.262319237 0.034330469 0.011159588 0.065152332 0.997222185
1341846677.930181 0.121268399 0.060866363 -0.262012273 0.036293756 0.010781870 0.063924007 0.997236311
1341846677.966256 0.126206428 0.042210057 -0.258332461 0.036610696 0.012227259 0.062832728 0.997277379
1341846677.998516 0.115451105 0.039618693 -0.264176995 0.040811401 0.013310627 0.064971089 0.996963441
1341846678.030368 0.118564278 0.050475478 -0.266335428 0.045537107 0.010865124 0.065469004 0.996755779
1341846678.066187 0.121676885 0.054933526 -0.267164946 0.048183478 0.011530764 0.062751293 0.996798694
1341846678.098076 0.111060984 0.049515881 -0.270592272 0.049101476 0.012765466 0.064448968 0.996630549
1341846678.134082 0.117280044 0.051369987 -0.272081673 0.051145997 0.009016344 0.064652868 0.996555448
1341846678.166092 0.119199201 0.051883429 -0.271795779 0.052600440 0.009905080 0.064116031 0.996506035
1341846678.204293 0.115260497 0.048159160 -0.274398476 0.053769104 0.010615787 0.064359657 0.996420622
1341846678.266209 0.118769184 0.047124859 -0.277503401 0.057559762 0.007286288 0.064869940 0.996205628
1341846678.298316 0.113431253 0.046171788 -0.280768663 0.057663530 0.006650150 0.064848199 0.996205509
1341846678.334135 0.124057584 0.047347549 -0.276669174 0.057929873 0.003374687 0.065290876 0.996177614
1341846678.366593 0.127933621 0.043343503 -0.276631176 0.059073541 0.003563156 0.065107130 0.996121824
1341846678.402292 0.123207144 0.041995134 -0.280394524 0.060376521 0.003906338 0.064941749 0.996053219
1341846678.439991 0.128662840 0.043668810 -0.277938217 0.061386332 0.003378681 0.065262735 0.995972395
