1341846647.802247 0.0000000 0.0000000 0.0000000 0.0000000 0.0000000 0.0000000 1.0000000
1341846647.8666520 0.0093723 -0.0010873 -0.0066550 0.0026716 0.0015253 0.0023960 0.9999924
1341846647.9019721 0.0100895 -0.0032845 -0.0086721 0.0019719 0.0036137 0.0024508 0.9999885
1341846647.9702251 0.0125661 -0.0040037 -0.0081039 0.0002157 0.0019576 0.0036300 0.9999915
1341846648.0343430 0.0172648 -0.0070478 -0.0122245 -0.0036614 -0.0005582 0.0036312 0.9999865
1341846648.1705680 0.0150314 -0.0115111 -0.0205279 -0.0083369 -0.0090231 0.0035840 0.9999181
1341846648.2701521 0.0097092 -0.0153166 -0.0269809 -0.0118025 -0.0224875 -0.0005067 0.9996773
1341846648.3702159 0.0091983 -0.0207607 -0.0379806 -0.0229113 -0.0387632 -0.0085653 0.9989490
1341846648.5382490 0.0044680 -0.0166064 -0.0412558 -0.0307341 -0.0702341 -0.0066301 0.9970349
1341846648.7060580 0.0229808 -0.0236152 -0.0340120 -0.0364668 -0.1008919 -0.0125410 0.9941497
1341846648.9421539 0.0665018 -0.0198816 -0.0270469 -0.0373097 -0.1530632 0.0002365 0.9875118
1341846649.0741279 0.1355501 -0.0089202 -0.0044639 -0.0425334 -0.1943300 -0.0086792 0.9799752
1341846649.2480481 0.1893713 -0.0139832 0.0270916 -0.0544498 -0.2121387 -0.0230140 0.9754500
1341846649.7109370 0.2594135 -0.0318037 0.0706452 -0.0685552 -0.2403315 -0.0201205 0.9680579
1341846649.9526119 0.2833934 -0.0365807 0.0866759 -0.0689362 -0.2803336 -0.0237047 0.9571306
1341846650.1822360 0.3236548 -0.0453418 0.1336565 -0.0597896 -0.2911673 -0.0121114 0.9547251
1341846650.4142239 0.3561217 -0.0670313 0.1517392 -0.0567085 -0.2843965 -0.0250132 0.9567012
1341846650.5507460 0.3503299 -0.0740224 0.1531990 -0.0538620 -0.2639054 -0.0233089 0.9627614
1341846650.8862381 0.2694137 -0.0712982 0.0903681 -0.0390992 -0.1915563 -0.0406452 0.9798599
1341846651.0504820 0.2120224 -0.0766777 0.0690364 -0.0401204 -0.1447419 -0.0242744 0.9883577
1341846651.2540309 0.1454757 -0.0764496 0.0552823 -0.0421595 -0.1018674 -0.0166184 0.9937653
1341846651.4921350 0.0649160 -0.0934043 0.0743602 -0.0503966 -0.0688026 -0.0311132 0.9958706
1341846651.6542230 -0.0139259 -0.1176364 0.0975765 -0.0390478 -0.0336631 -0.0263593 0.9983222
1341846651.7902000 -0.1183492 -0.1262150 0.0767346 -0.0331422 -0.0062716 -0.0284240 0.9990267
1341846651.9900200 -0.2878346 -0.1387566 0.0989150 -0.0089500 0.0438406 -0.0177234 0.9988412
1341846652.0580580 -0.3598616 -0.1377100 0.0935298 -0.0038415 0.0584324 -0.0175969 0.9981289
1341846652.1582320 -0.4710677 -0.1394693 0.1200649 -0.0108777 0.0824309 -0.0208775 0.9963187
1341846652.2259810 -0.5462997 -0.1341749 0.1479155 -0.0091179 0.1027129 -0.0259765 0.9943300
1341846652.4582770 -0.7817063 -0.1269339 0.1713812 0.0126804 0.1540967 -0.0159778 0.9878452
1341846652.5264690 -0.8286968 -0.1054209 0.1755833 0.0184111 0.1665232 -0.0172863 0.9857141
1341846652.5620890 -0.8337563 -0.1286926 0.1683431 0.0147944 0.1732533 -0.0176418 0.9846081
1341846652.5942540 -0.8619373 -0.1208268 0.1805328 0.0186001 0.1883287 -0.0206642 0.9817125
1341846652.6263559 -0.8849364 -0.1182557 0.2033342 0.0207024 0.2029238 -0.0213595 0.9787426
1341846652.6621521 -0.8561050 -0.0620890 0.2056934 0.0290951 0.2143137 -0.0323024 0.9757969
1341846652.7263780 -0.8907014 -0.0565540 0.2691922 0.0299632 0.2768186 -0.0419996 0.9595362
1341846652.7621291 -0.9359655 -0.0513189 0.2918632 0.0294583 0.3100338 -0.0446490 0.9492195
1341846652.7941520 -0.9850749 -0.0467255 0.3197257 0.0291177 0.3491452 -0.0464682 0.9354627
1341846652.8302500 -0.9820595 -0.0473999 0.3613737 0.0285564 0.3795157 -0.0477588 0.9235104
1341846652.8944261 -1.0001619 -0.0519313 0.4299361 0.0287672 0.4222026 -0.0417567 0.9050822
1341846652.9303460 -1.0156051 -0.0538573 0.4641001 0.0309444 0.4448713 -0.0393066 0.8941963
1341846652.9622130 -1.0538548 -0.0460081 0.5011365 0.0302940 0.4682691 -0.0423034 0.8820526
1341846653.0302920 -1.0803266 -0.0665295 0.5526550 0.0238088 0.5023249 -0.0363415 0.8635868
1341846653.0626719 -1.1067970 -0.0686890 0.5920300 0.0265182 0.5232841 -0.0347673 0.8510357
1341846653.0990241 -1.1071963 -0.0577744 0.5879380 0.0282316 0.5349262 -0.0342245 0.8437331
1341846653.1304750 -1.1264672 -0.0654285 0.6153969 0.0244077 0.5550932 -0.0316527 0.8308272
1341846653.1626201 -1.1501241 -0.0724253 0.6297330 0.0240934 0.5714251 -0.0294685 0.8197710
1341846653.1984370 -1.1741526 -0.0732991 0.6564716 0.0259762 0.5864141 -0.0242152 0.8092326
1341846653.2300420 -1.1849256 -0.0712556 0.6874697 0.0281297 0.6009353 -0.0210341 0.7985256
1341846653.2983799 -1.2264879 -0.0395996 0.7672579 0.0332855 0.6345778 -0.0186117 0.7719176
1341846653.3301620 -1.2413774 -0.0354585 0.7910421 0.0347490 0.6475192 -0.0143129 0.7611219
1341846653.3663189 -1.2556247 -0.0259876 0.8167891 0.0361898 0.6592121 -0.0111714 0.7510026
1341846653.3982260 -1.2550988 -0.0177698 0.8484904 0.0387311 0.6706997 -0.0080688 0.7406731
1341846653.4300599 -1.2697674 -0.0254777 0.8823612 0.0390902 0.6808767 -0.0067595 0.7313229
1341846653.4663410 -1.2767735 -0.0248611 0.8867350 0.0419000 0.6860070 -0.0066064 0.7263574
1341846653.4981940 -1.3095689 -0.0224940 0.9130316 0.0413361 0.6935317 -0.0076070 0.7191991
1341846653.5302050 -1.3136269 -0.0355172 0.9424763 0.0398577 0.6989079 -0.0072230 0.7140637
1341846653.5666010 -1.3158740 -0.0301422 0.9524863 0.0405979 0.7004749 -0.0103767 0.7124459
1341846653.5982130 -1.3304116 -0.0293253 0.9758465 0.0407187 0.7039049 -0.0093492 0.7090645
1341846653.6347930 -1.3391554 -0.0347712 0.9808419 0.0397960 0.7033822 -0.0070578 0.7096618
1341846653.6661429 -1.3380098 -0.0319133 0.9791533 0.0402338 0.7022946 -0.0074438 0.7107096
1341846653.7343130 -1.3374066 -0.0251232 0.9701459 0.0380131 0.6944809 -0.0051745 0.7184877
1341846653.7662749 -1.3382893 -0.0342173 0.9767950 0.0364234 0.6926279 -0.0024240 0.7203708
1341846653.8023579 -1.3552510 -0.0305548 0.9945511 0.0358679 0.6905034 -0.0008230 0.7224389
1341846653.8662140 -1.3479147 -0.0337309 0.9872257 0.0351654 0.6762089 0.0013363 0.7358691
1341846653.9021699 -1.3561841 -0.0291498 0.9935532 0.0335741 0.6711792 0.0016745 0.7405325
1341846653.9341600 -1.3493210 -0.0313954 0.9814047 0.0312767 0.6620923 0.0020308 0.7487666
1341846653.9661551 -1.3518732 -0.0260645 0.9950206 0.0294832 0.6577964 0.0003052 0.7526184
1341846654.0021689 -1.3618219 -0.0231631 0.9968724 0.0260615 0.6508002 0.0009391 0.7588010
1341846654.0341401 -1.3627821 -0.0292195 0.9971763 0.0213079 0.6437160 0.0022911 0.7649644
1341846654.0701721 -1.3614035 -0.0404255 0.9996223 0.0220873 0.6351043 0.0039278 0.7721005
1341846654.1024380 -1.3502125 -0.0507470 0.9684412 0.0252453 0.6218979 0.0049020 0.7826759
1341846654.1343491 -1.3531622 -0.0424982 0.9630232 0.0294793 0.6116202 0.0026118 0.7905978
1341846654.1702440 -1.3595712 -0.0483306 0.9670870 0.0305203 0.6011049 0.0019277 0.7985848
1341846654.2020869 -1.3509526 -0.0378140 0.9633569 0.0318068 0.5867138 -0.0044910 0.8091570
1341846654.2344339 -1.3452899 -0.0341617 0.9637914 0.0340466 0.5781799 -0.0064454 0.8151731
1341846654.2700410 -1.3688830 -0.0303184 0.9910159 0.0334399 0.5724591 -0.0099792 0.8191903
1341846654.3021171 -1.3431854 -0.0279519 0.9875937 0.0324918 0.5560923 -0.0142812 0.8303624
1341846654.3380260 -1.3182175 -0.0262796 0.9651172 0.0318168 0.5447844 -0.0139965 0.8378555
1341846654.3699789 -1.3259451 -0.0274962 0.9862957 0.0320199 0.5389657 -0.0131254 0.8416166
1341846654.4021721 -1.3505474 -0.0272898 1.0225490 0.0338175 0.5262073 -0.0118900 0.8496004
1341846654.4381330 -1.3243852 -0.0069417 0.9615135 0.0339680 0.5019342 -0.0142955 0.8641203
1341846654.4701860 -1.3218002 -0.0153261 0.9834396 0.0304975 0.4978098 -0.0135075 0.8666446
1341846654.5022669 -1.3252329 -0.0197707 0.9964769 0.0303266 0.4826135 -0.0136871 0.8752012
1341846654.5390639 -1.2571921 -0.0027620 0.9136426 0.0301845 0.4523252 -0.0197445 0.8911234
1341846654.5700531 -1.2429554 -0.0061107 0.9089279 0.0250205 0.4469923 -0.0227013 0.8938996
1341846654.6060300 -1.2132978 -0.0039160 0.8982931 0.0259026 0.4290292 -0.0242214 0.9025942
1341846654.6379800 -1.1629099 -0.0139554 0.8364632 0.0271796 0.4005241 -0.0257207 0.9155218
1341846654.6701550 -1.1456159 -0.0113227 0.8266522 0.0295007 0.3921503 -0.0277276 0.9190098
1341846655.2420790 -0.9479024 0.0156317 0.6150743 0.0334874 0.1121631 -0.0237543 0.9928412
1341846655.3101749 -0.9350487 0.0046985 0.6195878 0.0408941 0.1045328 -0.0235768 0.9934006
1341846655.3422360 -0.9134170 0.0077994 0.6120037 0.0484375 0.0945742 -0.0201829 0.9941339
1341846655.3741341 -0.9022923 -0.0020774 0.6063324 0.0473069 0.0914244 -0.0221912 0.9944401
1341846655.4742050 -0.8578407 0.0149870 0.6099994 0.0617786 0.0653115 -0.0092632 0.9959076
1341846655.5421350 -0.8181208 0.0147847 0.6067815 0.0532344 0.0413813 -0.0066491 0.9977021
1341846655.7100739 -0.6733509 0.0331907 0.5659855 0.0492452 -0.0292393 0.0012086 0.9983579
1341846655.7480500 -0.6489591 0.0312589 0.5681144 0.0452859 -0.0435377 0.0050075 0.9980123
1341846655.8462570 -0.5261383 0.0362363 0.5451708 0.0410793 -0.0918125 0.0104631 0.9948736
1341846655.9103551 -0.4554349 0.0381795 0.5485492 0.0359818 -0.1223433 0.0173493 0.9916837
1341846656.3142581 -0.1096095 0.0276103 0.5486602 0.0164015 -0.2350045 0.0181886 0.9716857
1341846656.3822219 -0.0994517 0.0277847 0.5539532 0.0117181 -0.2442479 0.0157241 0.9695145
1341846656.4461770 -0.0833111 0.0381886 0.5525880 0.0122290 -0.2639197 0.0178125 0.9643026
1341846656.4822600 -0.0857894 0.0354959 0.5586534 0.0071304 -0.2699316 0.0177578 0.9626893
1341846656.5822470 -0.0791336 0.0367223 0.5468917 0.0012092 -0.2822271 0.0152829 0.9592251
1341846656.6499951 -0.0786346 0.0353083 0.5346219 -0.0004606 -0.2856372 0.0142007 0.9582325
1341846656.7499740 -0.0907858 0.0375882 0.5207779 -0.0045527 -0.2931708 0.0129523 0.9559615
1341846656.8562260 -0.0944685 0.0416199 0.5170258 -0.0076204 -0.2982152 0.0117921 0.9543954
1341846656.9561119 -0.0918516 0.0728900 0.5421597 -0.0058276 -0.2908423 0.0085393 0.9567152
1341846657.0561211 -0.0851350 0.0691610 0.5514101 -0.0087598 -0.2767709 0.0121381 0.9608194
1341846657.0920060 -0.0888860 0.0708813 0.5490460 -0.0047495 -0.2648853 0.0130577 0.9641798
1341846657.1559730 -0.0776568 0.0600280 0.5761346 0.0055403 -0.2463009 0.0165785 0.9690358
1341846657.2241950 -0.0998880 0.0760639 0.5639030 0.0131860 -0.2155443 0.0131762 0.9763161
1341846657.2921641 -0.0972615 0.0660795 0.5631155 0.0135869 -0.1952500 0.0086677 0.9806211
1341846657.3543670 -0.0529297 0.0755569 0.5588866 0.0134610 -0.1832857 0.0088295 0.9829279
1341846657.3861930 -0.0183702 0.0784127 0.5625250 0.0144096 -0.1776783 0.0066863 0.9839604
1341846657.4542770 0.0423471 0.0834594 0.5737445 0.0186219 -0.1653787 0.0071486 0.9860284
1341846657.5220921 0.0938244 0.0841322 0.5922358 0.0236588 -0.1466379 0.0029382 0.9889029
1341846657.5860779 0.1515194 0.0772524 0.6007081 0.0236525 -0.1328008 -0.0020381 0.9908584
1341846657.6222050 0.1942706 0.0720079 0.6319080 0.0237039 -0.1314903 -0.0031594 0.9910290
1341846657.6865170 0.2374258 0.0712678 0.6301730 0.0265670 -0.1165172 -0.0062446 0.9928136
1341846657.7220609 0.2820044 0.0631457 0.6426016 0.0266013 -0.1137929 -0.0065041 0.9931270
1341846657.7541039 0.3313968 0.0632745 0.6585033 0.0270660 -0.1143092 -0.0062766 0.9930566
1341846657.7900660 0.3703178 0.0549451 0.6639630 0.0206457 -0.1057924 -0.0079804 0.9941419
1341846657.8220890 0.4069200 0.0653042 0.6926942 0.0252021 -0.0975855 -0.0061267 0.9948891
1341846657.8539720 0.4374163 0.0585825 0.7198663 0.0269922 -0.0933781 0.0009903 0.9952643
1341846657.8899930 0.4831931 0.0537393 0.7280205 0.0240742 -0.0874191 0.0001931 0.9958807
1341846658.4941759 0.3600208 0.0712148 0.7628613 0.0149161 0.0143048 -0.0110781 0.9997250
1341846658.5581291 0.3559802 0.0858501 0.7667701 -0.0036757 0.0111830 -0.0100858 0.9998798
1341846658.6941409 0.3580399 0.0674222 0.7670357 -0.0679487 -0.0045061 -0.0126347 0.9975986
1341846660.0662060 0.3448170 0.0249310 0.7470490 -0.0947935 -0.0264743 -0.0074420 0.9951170
1341846660.3343489 0.3397788 0.0234886 0.7420726 -0.0501228 -0.0390869 -0.0124411 0.9979004
1341846661.7423410 0.3308560 -0.0074393 0.7013435 0.0569033 -0.0340770 -0.0056617 0.9977819
1341846661.8422160 0.1812383 -0.0398027 0.6936284 0.0744675 -0.0087632 -0.0109849 0.9971244
1341846661.8781569 0.1270013 -0.0579397 0.6905906 0.0748134 0.0034603 -0.0190815 0.9970090
1341846661.9102221 0.0795316 -0.0519062 0.6973725 0.0770745 0.0138222 -0.0200484 0.9967279
1341846661.9460900 0.0170309 -0.0508929 0.7134821 0.0803251 0.0251002 -0.0221799 0.9962057
1341846662.0103109 -0.0823621 -0.0480725 0.7370223 0.0952925 0.0417104 -0.0231536 0.9943056
1341846662.0461950 -0.1330765 -0.0459335 0.7400738 0.1044610 0.0478912 -0.0224127 0.9931223
1341846662.0780990 -0.1769561 -0.0450994 0.7408630 0.1103516 0.0536306 -0.0236653 0.9921624
1341846662.1106720 -0.2234057 -0.0422523 0.7469328 0.1169943 0.0623350 -0.0224218 0.9909208
1341846662.1461661 -0.2621026 -0.0409579 0.7513824 0.1254121 0.0671496 -0.0199302 0.9896290
1341846662.1781681 -0.2972874 -0.0393085 0.7543625 0.1324337 0.0716305 -0.0190009 0.9884176
1341846662.2141359 -0.3284466 -0.0339716 0.7684581 0.1465741 0.0787218 -0.0181705 0.9858949
1341846662.2461669 -0.3620762 -0.0276380 0.7687248 0.1577377 0.0816196 -0.0136722 0.9840072
1341846662.2780070 -0.3970945 -0.0320437 0.7741783 0.1620687 0.0868514 -0.0142678 0.9828464
1341846662.3141439 -0.4340349 -0.0337706 0.7831926 0.1673126 0.0949789 -0.0152513 0.9811997
1341846662.3461640 -0.4694055 -0.0369408 0.7926459 0.1720781 0.0989091 -0.0128944 0.9800203
1341846662.3780689 -0.4299689 -0.0317190 0.7820795 0.1780522 0.0924203 -0.0150934 0.9795551
1341846662.4142289 -0.4637774 -0.0373784 0.7880736 0.1843197 0.0991981 -0.0135250 0.9777541
1341846662.4461019 -0.4208037 -0.0320862 0.7826554 0.1915980 0.0914199 -0.0138426 0.9771085
1341846662.4822290 -0.3624684 -0.0204879 0.7718154 0.2002942 0.0813935 -0.0167341 0.9762056
1341846662.5141170 -0.3525360 -0.0179779 0.7751983 0.2102796 0.0810347 -0.0166295 0.9741352
1341846662.5462611 -0.3628953 -0.0198337 0.7717849 0.2177620 0.0821450 -0.0150397 0.9724226
1341846662.5821011 -0.3662708 -0.0124100 0.7714335 0.2227216 0.0836227 -0.0163044 0.9711522
1341846662.6202641 -0.3894176 -0.0145583 0.7812561 0.2255763 0.0886935 -0.0147074 0.9700683
1341846662.6820240 -0.3938940 -0.0175447 0.7738590 0.2334062 0.0878360 -0.0155553 0.9682791
1341846662.7501271 -0.4072902 -0.0226970 0.7817310 0.2387840 0.0896796 -0.0132215 0.9668325
1341846662.8501930 -0.3962899 -0.0175747 0.7802536 0.2409834 0.0861891 -0.0137643 0.9665966
1341846663.3180599 -0.3810799 0.0009028 0.7704238 0.2284434 0.0790028 -0.0155777 0.9702213
1341846663.6860991 -0.3716457 -0.0029784 0.7616357 0.1439056 0.0684584 -0.0048820 0.9872086
1341846663.7863040 -0.3680901 -0.0058600 0.7664692 0.1191825 0.0711423 -0.0042448 0.9903112
1341846663.8220899 -0.3755465 -0.0030650 0.7625079 0.0999326 0.0730130 -0.0031816 0.9923066
1341846663.8901401 -0.3523111 0.0144510 0.7550317 0.0882310 0.0716580 -0.0037859 0.9935120
1341846663.9219871 -0.3644731 0.0201192 0.7614172 0.0675465 0.0754139 -0.0036869 0.9948550
1341846663.9542820 -0.3683394 -0.0040996 0.7604985 0.0488974 0.0773528 -0.0050824 0.9957910
1341846666.1341469 -0.4117135 0.0190577 0.7414415 -0.2689972 0.1320857 0.0229987 0.9537636
1341846666.3021951 -0.4113872 0.0412561 0.7146031 -0.2858723 0.1305718 0.0253196 0.9489926
1341846666.4340880 -0.4221863 0.0249550 0.7396715 -0.3187382 0.1312651 0.0333173 0.9381180
1341846666.5701311 -0.4335098 0.0393111 0.7347076 -0.3405294 0.1334564 0.0454503 0.9296039
1341846666.7703900 -0.4199715 0.0321703 0.7383936 -0.3646108 0.1253645 0.0531641 0.9211494
1341846666.9700360 -0.4075439 0.0411070 0.7209702 -0.3781731 0.1143995 0.0594842 0.9167113
1341846667.0741529 -0.3968932 0.0749824 0.6835619 -0.3818859 0.1058217 0.0547561 0.9164969
1341846667.1741049 -0.3998677 0.0281734 0.7118546 -0.3967793 0.1037884 0.0516202 0.9105655
1341846667.2740159 -0.5300438 0.0001803 0.7112457 -0.3866785 0.1288023 0.0334449 0.9125630
1341846667.4421091 -0.4668249 -0.0825871 0.7371553 -0.3553936 0.1180995 0.0233743 0.9269312
1341846667.5741961 -0.4886805 -0.0244996 0.6980845 -0.2880487 0.1164234 0.0075291 0.9504824
1341846667.7101791 -0.4906500 0.0332245 0.6725884 -0.2559603 0.1217233 0.0038658 0.9589853
1341846667.8781390 -0.4767444 0.0130898 0.6806562 -0.2293491 0.1228865 0.0006052 0.9655555
1341846668.1101301 -0.1438112 -0.0012193 0.6156110 -0.1801016 0.0818621 0.0005172 0.9802356
1341846668.1782081 -0.0214190 0.0389174 0.6035421 -0.1522667 0.0626130 0.0039882 0.9863461
1341846668.2461629 0.0943733 0.0514459 0.5947233 -0.1249768 0.0442393 0.0090061 0.9911320
1341846668.2783971 0.1599637 0.0561446 0.5996798 -0.1121408 0.0315710 0.0130744 0.9931046
1341846668.4142470 0.3211890 0.0914209 0.5861030 -0.0777903 0.0046840 0.0184060 0.9967888
1341846668.4459651 0.3486905 0.1014190 0.5984479 -0.0683881 0.0003554 0.0226883 0.9974007
1341846668.4781530 0.3692555 0.1236624 0.6061090 -0.0457687 -0.0061109 0.0264196 0.9985839
1341846668.9500880 0.5761999 0.1001999 0.5610414 0.0274802 -0.0538522 0.0057890 0.9981539
1341846669.6860690 0.6328937 0.1217377 0.5679763 -0.0512200 -0.0852945 -0.1738253 0.9797378
1341846669.8221509 0.6201407 0.0827147 0.5511068 -0.0728487 -0.0754150 -0.2086302 0.9723575
1341846669.9862850 0.6648231 0.0743952 0.5425483 -0.0936471 -0.0716998 -0.2537221 0.9600596
1341846670.1219959 0.6651337 0.0470655 0.5359311 -0.1100677 -0.0578724 -0.2935922 0.9478077
1341846670.1901031 0.6470125 0.0718497 0.5474296 -0.1131941 -0.0454832 -0.3143779 0.9414271
1341846670.2902541 0.6569622 0.0645409 0.5396350 -0.1159735 -0.0351176 -0.3392416 0.9328623
1341846670.4640031 0.8195314 0.0669101 0.5245803 -0.0860983 -0.0235932 -0.3795972 0.9208346
1341846670.5669770 0.9371536 0.0729706 0.5364909 -0.0680176 -0.0227693 -0.3907834 0.9176838
1341846670.5961030 0.9837608 0.0733596 0.5399316 -0.0613407 -0.0268598 -0.3948769 0.9162904
1341846670.6284120 1.0172572 0.0720255 0.5400046 -0.0559672 -0.0289119 -0.3982320 0.9151191
1341846670.7960589 1.1549580 0.0762961 0.5376664 -0.0148887 -0.0188642 -0.4194572 0.9074569
1341846670.8322461 1.1762899 0.0767745 0.5346411 -0.0060828 -0.0189840 -0.4181701 0.9081500
1341846670.8639700 1.1987172 0.0747313 0.5355728 -0.0014223 -0.0210411 -0.4142717 0.9099090
1341846670.8961389 1.2184422 0.0794012 0.5435675 0.0071328 -0.0171127 -0.4133014 0.9104056
1341846670.9320281 1.2255850 0.0751757 0.5481626 0.0169225 -0.0133318 -0.4068239 0.9132525
1341846670.9640629 1.2503217 0.0787742 0.5382825 0.0280630 -0.0174963 -0.3972615 0.9171094
1341846671.0002699 1.2668092 0.0826907 0.5479598 0.0368397 -0.0176620 -0.3986348 0.9161993
1341846671.0321119 1.2851667 0.0859266 0.5495053 0.0470427 -0.0131733 -0.3995519 0.9154080
1341846671.0640299 1.2940769 0.0910037 0.5560405 0.0576341 -0.0105630 -0.4004168 0.9144579
1341846671.1013980 1.3045766 0.0920268 0.5588442 0.0667287 -0.0107747 -0.4054195 0.9116283
1341846671.1322889 1.3082139 0.0944626 0.5623436 0.0798200 -0.0072226 -0.4109030 0.9081494
1341846671.1681590 1.3082000 0.0893531 0.5664296 0.0916743 -0.0099685 -0.4087124 0.9079926
1341846671.2001491 1.3198547 0.0941848 0.5618871 0.1045334 -0.0149137 -0.4116063 0.9052240
1341846671.2681470 1.3441066 0.0905335 0.5687348 0.1274049 -0.0146293 -0.4129341 0.9016870
1341846671.3003371 1.3601667 0.1018759 0.5661016 0.1378108 -0.0196790 -0.4120460 0.9004660
1341846671.4003270 1.4028528 0.1082261 0.5804473 0.1616346 -0.0294428 -0.4157845 0.8945002
1341846671.4360640 1.4199103 0.1168795 0.5728319 0.1697195 -0.0329508 -0.4204240 0.8907037
1341846671.4681971 1.4355646 0.1346655 0.5674533 0.1788720 -0.0330997 -0.4220828 0.8881190
1341846671.5042939 1.4317838 0.1462906 0.5389137 0.1821876 -0.0340158 -0.4268267 0.8851382
1341846671.5361969 1.4465989 0.1593629 0.5492205 0.1928103 -0.0420613 -0.4322017 0.8799186
1341846671.5681200 1.4607470 0.1643760 0.5356175 0.2017041 -0.0447060 -0.4373004 0.8752629
1341846671.6041880 1.4660661 0.1719041 0.5256119 0.2085727 -0.0484942 -0.4402867 0.8719480
1341846671.6360569 1.4783245 0.1837475 0.5240479 0.2212275 -0.0567561 -0.4446869 0.8660778
1341846671.6721570 1.4941628 0.2036438 0.5080110 0.2353303 -0.0617748 -0.4478581 0.8603643
1341846671.7040269 1.5036774 0.2030385 0.4976080 0.2374923 -0.0654658 -0.4491704 0.8588117
1341846671.8046050 1.5205619 0.2160109 0.4774601 0.2452444 -0.0746301 -0.4616945 0.8491901
1341846671.8402519 1.5195241 0.2169141 0.4741406 0.2463345 -0.0775712 -0.4661880 0.8461506
1341846672.0342181 1.5232282 0.2250610 0.4648391 0.2530196 -0.0822373 -0.4957816 0.8266914
1341846672.0662270 1.5282193 0.2195737 0.4553115 0.2528060 -0.0819786 -0.5017253 0.8231891
1341846672.0980239 1.5198439 0.2160754 0.4549685 0.2518907 -0.0829993 -0.5056456 0.8209658
1341846672.1659999 1.5258676 0.2055976 0.4494198 0.2526281 -0.0846797 -0.5179831 0.8128357
1341846672.1984050 1.5232041 0.2037571 0.4446508 0.2525955 -0.0839237 -0.5217530 0.8105098
1341846672.2341299 1.5212322 0.1950204 0.4524419 0.2539361 -0.0872039 -0.5256166 0.8072417
1341846672.2664030 1.5329440 0.1984254 0.4558980 0.2587540 -0.0885278 -0.5272801 0.8044780
1341846672.3027101 1.5333169 0.2034576 0.4559237 0.2586322 -0.0886167 -0.5284249 0.8037559
1341846672.3350220 1.5391426 0.2005630 0.4559454 0.2575378 -0.0907927 -0.5310837 0.8021104
1341846672.3664870 1.5414182 0.1995475 0.4567587 0.2590153 -0.0904202 -0.5336817 0.7999494
1341846672.4024780 1.5452583 0.2065051 0.4555679 0.2608257 -0.0899106 -0.5325881 0.8001475
1341846672.4343300 1.5471835 0.2062840 0.4611117 0.2604354 -0.0906884 -0.5314197 0.8009633
1341846672.4723229 1.5481390 0.2089749 0.4611865 0.2612250 -0.0907701 -0.5307576 0.8011358
1341846672.5701530 1.5554836 0.2089557 0.4677562 0.2583253 -0.0960451 -0.5294001 0.8023583
1341846672.6088810 1.5503801 0.2135169 0.4704794 0.2587947 -0.0975359 -0.5271389 0.8035151
1341846672.7702880 1.5504216 0.2187290 0.4857789 0.2531144 -0.1172333 -0.4901599 0.8257922
1341846672.8032801 1.5480636 0.2185938 0.4833559 0.2529055 -0.1215408 -0.4805197 0.8308836
1341846672.8380339 1.5482589 0.2227036 0.4858091 0.2524165 -0.1268117 -0.4701781 0.8361443
1341846672.8700919 1.5512850 0.2231733 0.4907261 0.2517780 -0.1327431 -0.4626899 0.8395863
1341846672.9022751 1.5488210 0.2261146 0.4947255 0.2506052 -0.1369869 -0.4556191 0.8431150
1341846672.9703259 1.5438412 0.2228888 0.4911287 0.2433906 -0.1474310 -0.4385129 0.8524855
1341846673.0702350 1.5446535 0.2281624 0.4928355 0.2307941 -0.1591774 -0.4112943 0.8673140
1341846673.1061890 1.5470521 0.2336555 0.5043274 0.2307136 -0.1649020 -0.3981329 0.8723925
1341846673.1702981 1.5493158 0.2327024 0.4985434 0.2269344 -0.1760014 -0.3750755 0.8813868
1341846673.2064891 1.5418315 0.2299937 0.4979054 0.2262199 -0.1797909 -0.3659089 0.8846527
1341846673.2381530 1.5447266 0.2315105 0.4998574 0.2264370 -0.1863285 -0.3544924 0.8878869
1341846673.2742200 1.5387748 0.2282990 0.5008494 0.2256641 -0.1897493 -0.3465381 0.8904955
1341846673.3740981 1.5409120 0.2214036 0.5052565 0.2275106 -0.2031656 -0.3157655 0.8984736
1341846673.4382670 1.5409243 0.2240364 0.5144967 0.2287130 -0.2124251 -0.2897515 0.9047707
1341846673.4741349 1.5470513 0.2255031 0.5108024 0.2299670 -0.2172831 -0.2742911 0.9081121
1341846673.5062599 1.5463810 0.2220397 0.5106876 0.2287990 -0.2222107 -0.2595574 0.9115390
1341846673.5421679 1.5418702 0.2227488 0.5117478 0.2261632 -0.2280037 -0.2479288 0.9139999
1341846673.6061020 1.5353197 0.2236732 0.5143637 0.2200443 -0.2383399 -0.2263342 0.9184484
1341846673.6480260 1.5361569 0.2218469 0.5075141 0.2135512 -0.2460085 -0.2143840 0.9208231
1341846673.7101619 1.5204763 0.2266053 0.4996713 0.1998461 -0.2562561 -0.1945989 0.9254867
1341846673.7422249 1.5146774 0.2265908 0.4984884 0.1921654 -0.2636493 -0.1804288 0.9279046
1341846673.7742980 1.5045841 0.2278180 0.4930304 0.1865185 -0.2698634 -0.1671952 0.9297475
1341846673.8101540 1.4988501 0.2287258 0.4918564 0.1807858 -0.2760878 -0.1531046 0.9314778
1341846673.8423049 1.4883431 0.2319091 0.4811094 0.1744713 -0.2817191 -0.1405031 0.9329807
1341846673.8742850 1.4765457 0.2341682 0.4759646 0.1683940 -0.2844435 -0.1317838 0.9345418
1341846673.9102530 1.4665849 0.2301988 0.4705589 0.1590784 -0.2873222 -0.1207968 0.9367754
1341846673.9422841 1.4587824 0.2340537 0.4678850 0.1556267 -0.2902901 -0.1129512 0.9374188
1341846673.9784341 1.4508663 0.2362120 0.4666511 0.1541212 -0.2901783 -0.1062603 0.9384839
1341846674.0164859 1.4409301 0.2378314 0.4623800 0.1533414 -0.2886538 -0.0978384 0.9399963
1341846674.0520599 1.4328669 0.2384274 0.4565595 0.1509333 -0.2888184 -0.0879605 0.9413108
1341846674.0840571 1.4270463 0.2373548 0.4506988 0.1493280 -0.2877231 -0.0810582 0.9425212
1341846674.1522350 1.4156454 0.2468807 0.4355272 0.1395078 -0.2859814 -0.0688455 0.9455223
1341846674.2103219 1.4005854 0.2539530 0.4245162 0.1305455 -0.2822590 -0.0559032 0.9487690
1341846674.2462170 1.3892007 0.2510352 0.4136010 0.1240394 -0.2811592 -0.0497493 0.9503098
1341846674.2780349 1.3807926 0.2462235 0.4130363 0.1218888 -0.2820932 -0.0411141 0.9507240
1341846674.3101170 1.3771182 0.2488920 0.4011239 0.1195397 -0.2821310 -0.0327158 0.9513370
1341846674.3462119 1.3695909 0.2504047 0.3981411 0.1160293 -0.2811610 -0.0275156 0.9522229
1341846674.3780580 1.3631208 0.2417587 0.4014796 0.1134256 -0.2803214 -0.0167175 0.9530346
1341846674.4101620 1.3567909 0.2402191 0.3878310 0.1107569 -0.2791753 -0.0081705 0.9537963
1341846674.4461250 1.3493236 0.2371671 0.3810453 0.1068354 -0.2776850 -0.0041797 0.9547040
1341846674.4781981 1.3408413 0.2271485 0.3758955 0.1042208 -0.2758012 0.0019791 0.9555458
1341846674.5460620 1.3302046 0.2252232 0.3533979 0.1003352 -0.2736790 0.0089728 0.9565313
1341846674.5780940 1.3281667 0.2227924 0.3480543 0.0989646 -0.2724323 0.0129527 0.9569843
1341846674.6141789 1.3268774 0.2261521 0.3369706 0.0964768 -0.2703476 0.0179781 0.9577480
1341846674.6822090 1.3342186 0.2231718 0.3701311 0.0954841 -0.2757033 0.0340333 0.9558830
1341846674.7522709 1.3489581 0.2212682 0.3628089 0.0910165 -0.2774122 0.0528642 0.9549680
1341846674.8142221 1.3710194 0.2256682 0.3723264 0.0873240 -0.2800914 0.0664987 0.9536778
1341846674.8463700 1.3820493 0.2246302 0.3750713 0.0853907 -0.2813862 0.0747434 0.9528608
1341846674.9142239 1.4060726 0.2295049 0.3817759 0.0801093 -0.2851842 0.0862671 0.9512153
1341846674.9503050 1.4193916 0.2246635 0.3923166 0.0749219 -0.2882977 0.0910660 0.9502516
1341846674.9823420 1.4337714 0.2199479 0.3938479 0.0695961 -0.2925435 0.0950649 0.9489665
1341846675.0141370 1.4461397 0.2229205 0.4016040 0.0602586 -0.2972505 0.0963805 0.9480094
1341846675.0502300 1.4590570 0.2183303 0.4136736 0.0490846 -0.3014511 0.0985887 0.9470999
1341846675.0882010 1.4740161 0.2247087 0.4119607 0.0436832 -0.3032407 0.0997642 0.9466699
1341846675.1501880 1.5071782 0.2150617 0.4417364 0.0136366 -0.3096720 0.1009241 0.9453738
1341846675.1822901 1.5256876 0.2169493 0.4529795 0.0006211 -0.3106251 0.0953153 0.9457413
1341846675.2187591 1.5435249 0.2110495 0.4601069 -0.0089790 -0.3134304 0.0988676 0.9444077
1341846675.2519510 1.5600249 0.2153878 0.4870908 -0.0147289 -0.3181907 0.0973686 0.9428983
1341846675.2824061 1.5819238 0.2215482 0.4965005 -0.0181457 -0.3206746 0.0998381 0.9417382
1341846675.3180780 1.6007938 0.2245181 0.5135667 -0.0236211 -0.3217377 0.1015780 0.9410679
1341846675.3501489 1.6184810 0.2389830 0.5255713 -0.0297142 -0.3231435 0.1005497 0.9405239
1341846675.3822711 1.6360546 0.2539908 0.5560018 -0.0371361 -0.3264131 0.0979767 0.9394019
1341846675.4502380 1.6671674 0.2551603 0.6041107 -0.0470385 -0.3258237 0.1061663 0.9382724
1341846675.4861650 1.6834196 0.2680307 0.6349502 -0.0396809 -0.3282974 0.1201323 0.9360633
1341846675.5180831 1.6985719 0.2704568 0.6579645 -0.0334086 -0.3305131 0.1292963 0.9343058
1341846675.5500920 1.7148499 0.2705031 0.6721029 -0.0295894 -0.3334562 0.1374309 0.9322254
1341846675.5860701 1.7273829 0.2736855 0.6886101 -0.0267027 -0.3349460 0.1405061 0.9313196
1341846675.6180749 1.7375211 0.2725516 0.7136097 -0.0228199 -0.3353816 0.1440208 0.9307290
1341846675.6500239 1.7506057 0.2728195 0.7317920 -0.0187120 -0.3384514 0.1476829 0.9291342
1341846675.7180550 1.7688744 0.2710527 0.7622404 -0.0107578 -0.3411244 0.1475947 0.9282964
1341846675.7541699 1.7820439 0.2700977 0.7819375 -0.0048024 -0.3426722 0.1480273 0.9277072
1341846675.7863300 1.7984985 0.2686602 0.7940462 -0.0019135 -0.3443740 0.1490708 0.9269201
1341846675.8181059 1.8142735 0.2728420 0.8087119 0.0021074 -0.3436062 0.1474232 0.9274679
1341846675.8540950 1.8308761 0.2721920 0.8286313 0.0057112 -0.3454198 0.1479554 0.9266940
1341846675.8861630 1.8505424 0.2773775 0.8425478 0.0121480 -0.3499242 0.1513571 0.9243898
1341846675.9223461 1.8688314 0.2793663 0.8565096 0.0211097 -0.3514458 0.1554548 0.9229702
1341846675.9616511 1.8952320 0.2742899 0.8759640 0.0277060 -0.3554796 0.1551878 0.9212944
1341846676.0280800 1.9125392 0.2795040 0.8951000 0.0507381 -0.3598925 0.1596038 0.9178396
1341846678.0980761 0.1110610 0.0495159 -0.2705923 0.0491015 0.0127655 0.0644490 0.9966305
1341846678.1340821 0.1172800 0.0513700 -0.2720817 0.0511460 0.0090163 0.0646529 0.9965554
1341846678.2662089 0.1187692 0.0471249 -0.2775034 0.0575598 0.0072863 0.0648699 0.9962056
1341846678.3341351 0.1240576 0.0473476 -0.2766692 0.0579299 0.0033747 0.0652909 0.9961776
1341846678.3665929 0.1279336 0.0433435 -0.2766312 0.0590735 0.0035632 0.0651071 0.9961218
1341846678.4022920 0.1232072 0.0419951 -0.2803945 0.0603765 0.0039063 0.0649417 0.9960532
